2	1	-999	-999	-999	-999
2	2	-999	-999	-999	-999
2	3	0	0.000833333333333333	0.00194444444444444	5
2	4	0	0.000277777777777778	0	5
2	5	0.6475	0	0	4
2	6	0.005	0	0	4
2	7	-999	-999	-999	-999
2	8	0.000555555555555556	0	0	4
2	9	-999	-999	-999	-999
2	10	-999	-999	-999	-999
2	11	-999	-999	-999	-999
2	12	-999	-999	-999	-999
2	13	0.0758333333333333	0	0	5
2	14	-999	-999	-999	-999
2	15	0.000277777777777778	0	0	6
2	16	-999	-999	-999	-999
2	17	0.000277777777777778	0	0	5
2	18	-999	-999	-999	-999
2	19	-999	-999	-999	-999
2	20	0.00388888888888889	0	0	5
2	21	-999	-999	-999	-999
3	1	-999	-999	-999	-999
3	2	0.505	0	0	5
3	3	-999	-999	-999	-999
3	4	0.526944444444444	0	0	6
3	5	-999	-999	-999	-999
3	6	-999	-999	-999	-999
3	7	0.0625	0.165	0	6
3	8	0.154166666666667	0.179444444444444	0	6
3	9	0.225277777777778	0	0	4
3	10	0.02	0	0	3
3	11	0.0797222222222222	0	0.0291666666666667	4
3	12	-999	-999	-999	-999
3	13	-999	-999	-999	-999
3	14	-999	-999	-999	-999
3	15	-999	-999	-999	-999
3	16	0.870555555555556	0	0	6
3	17	0.286666666666667	0	0	3
3	18	-999	-999	-999	-999
3	19	-999	-999	-999	-999
3	20	0.0352777777777778	0	0	6
3	21	-999	-999	-999	-999
10	1	0.0802777777777778	0	0	5
10	2	0.0266666666666667	0	0	5
10	3	1.03111111111111	0.0922222222222222	0.0744444444444445	5
10	4	-999	-999	-999	-999
10	5	0.922222222222222	0	0.0177777777777778	6
10	6	-999	-999	-999	-999
10	7	-999	-999	-999	-999
10	8	-999	-999	-999	-999
10	9	-999	-999	-999	-999
10	10	-999	-999	-999	-999
10	11	0.733611111111111	0.738611111111111	0	5
10	12	-999	-999	-999	-999
10	13	1.38611111111111	0	0.146111111111111	6
10	14	2.01277777777778	0.155833333333333	0.0694444444444444	6
10	15	-999	-999	-999	-999
10	16	-999	-999	-999	-999
10	17	-999	-999	-999	-999
10	18	-999	-999	-999	-999
10	19	-999	-999	-999	-999
10	20	-999	-999	-999	-999
10	21	0.035	0	0	6
12	1	-999	-999	-999	-999
12	2	0.268888888888889	0	0	7
12	3	0.939722222222222	0	0	5
12	4	1.37777777777778	0	0	7
12	5	1.77972222222222	0	0	6
12	6	1.28611111111111	0	0	7
12	7	1.94027777777778	0.0377777777777778	0	7
12	8	3.08361111111111	0	0	6
12	9	-999	-999	-999	-999
12	10	0.642222222222222	0	0	6
12	11	1.72083333333333	0	0	7
12	12	-999	-999	-999	-999
12	13	-999	-999	-999	-999
12	14	0.104166666666667	0	0	7
12	15	0.0466666666666667	0.0291666666666667	0	7
12	16	0.546666666666667	0	0	7
12	17	0.0425	0.00111111111111111	0	7
12	18	0.414166666666667	0	0	7
12	19	-999	-999	-999	-999
12	20	0.220277777777778	0	0	4
12	21	2.1675	0	0	4
13	1	-999	-999	-999	-999
13	2	-999	-999	-999	-999
13	3	0.118333333333333	0	0	5
13	4	-999	-999	-999	-999
13	5	-999	-999	-999	-999
13	6	0.0136111111111111	0	0	7
13	7	-999	-999	-999	-999
13	8	-999	-999	-999	-999
13	9	0.3675	0	0	6
13	10	0.0130555555555556	0	0	3
13	11	-999	-999	-999	-999
13	12	-999	-999	-999	-999
13	13	-999	-999	-999	-999
13	14	-999	-999	-999	-999
13	15	-999	-999	-999	-999
13	16	-999	-999	-999	-999
13	17	-999	-999	-999	-999
13	18	-999	-999	-999	-999
13	19	-999	-999	-999	-999
13	20	-999	-999	-999	-999
13	21	-999	-999	-999	-999
20	1	-999	-999	-999	-999
20	2	-999	-999	-999	-999
20	3	0.00166666666666667	0	0	6
20	4	-999	-999	-999	-999
20	5	-999	-999	-999	-999
20	6	-999	-999	-999	-999
20	7	-999	-999	-999	-999
20	8	-999	-999	-999	-999
20	9	-999	-999	-999	-999
20	10	-999	-999	-999	-999
20	11	-999	-999	-999	-999
20	12	-999	-999	-999	-999
20	13	-999	-999	-999	-999
20	14	-999	-999	-999	-999
20	15	-999	-999	-999	-999
20	16	-999	-999	-999	-999
20	17	-999	-999	-999	-999
20	18	-999	-999	-999	-999
20	19	-999	-999	-999	-999
20	20	-999	-999	-999	-999
20	21	-999	-999	-999	-999
21	1	-999	-999	-999	-999
21	2	-999	-999	-999	-999
21	3	-999	-999	-999	-999
21	4	-999	-999	-999	-999
21	5	-999	-999	-999	-999
21	6	-999	-999	-999	-999
21	7	-999	-999	-999	-999
21	8	-999	-999	-999	-999
21	9	-999	-999	-999	-999
21	10	-999	-999	-999	-999
21	11	-999	-999	-999	-999
21	12	-999	-999	-999	-999
21	13	0.000833333333333333	0	0	4
21	14	-999	-999	-999	-999
21	15	-999	-999	-999	-999
21	16	-999	-999	-999	-999
21	17	-999	-999	-999	-999
21	18	-999	-999	-999	-999
21	19	-999	-999	-999	-999
21	20	-999	-999	-999	-999
21	21	-999	-999	-999	-999
23	1	-999	-999	-999	-999
23	2	-999	-999	-999	-999
23	3	-999	-999	-999	-999
23	4	-999	-999	-999	-999
23	5	-999	-999	-999	-999
23	6	-999	-999	-999	-999
23	7	0.971666666666667	0	0	4
23	8	-999	-999	-999	-999
23	9	-999	-999	-999	-999
23	10	-999	-999	-999	-999
23	11	0.243888888888889	0	0	6
23	12	-999	-999	-999	-999
23	13	-999	-999	-999	-999
23	14	-999	-999	-999	-999
23	15	-999	-999	-999	-999
23	16	0.913888888888889	0	0	6
23	17	0.0888888888888889	0	0	4
23	18	0.493888888888889	0	0	3
23	19	-999	-999	-999	-999
23	20	0.435555555555556	0	0	2
23	21	0.805833333333333	0	0	3
24	1	-999	-999	-999	-999
24	2	2.17555555555556	0.215277777777778	0.154166666666667	7
24	3	0.9875	0	0.190277777777778	7
24	4	-999	-999	-999	-999
24	5	1.12166666666667	0	0	7
24	6	1.23361111111111	0.306666666666667	0	7
24	7	1.33472222222222	0	0	6
24	8	1.22	0	0	6
24	9	1.80444444444444	0.385	0	6
24	10	1.405	0	0	6
24	11	-999	-999	-999	-999
24	12	0.920833333333333	0	0.284722222222222	6
24	13	-999	-999	-999	-999
24	14	1.87833333333333	0	0	6
24	15	1.72333333333333	0.488333333333333	0	6
24	16	1.49777777777778	0	0.452777777777778	6
24	17	1.27722222222222	0.362777777777778	0	4
24	18	-999	-999	-999	-999
24	19	0.866666666666667	0	0	6
24	20	-999	-999	-999	-999
24	21	-999	-999	-999	-999
26	1	-999	-999	-999	-999
26	2	-999	-999	-999	-999
26	3	-999	-999	-999	-999
26	4	1.13916666666667	0	0	4
26	5	-999	-999	-999	-999
26	6	0	0	0.04	4
26	7	0.668611111111111	0	0	4
26	8	0.0597222222222222	0	0.0266666666666667	4
26	9	0.185555555555556	0.0761111111111111	0	4
26	10	0	0	0.0733333333333333	4
26	11	0.108333333333333	0	0	4
26	12	-999	-999	-999	-999
26	13	0.301111111111111	0	0	4
26	14	0.0244444444444444	0	0	4
26	15	0.202222222222222	0	0	4
26	16	0.496944444444444	0	0.287777777777778	4
26	17	0.488611111111111	0.243888888888889	0	4
26	18	0.621944444444445	0.314722222222222	0.0727777777777778	4
26	19	-999	-999	-999	-999
26	20	0.134166666666667	0	0	5
26	21	0.265555555555556	0.352777777777778	0.0369444444444444	3
30	1	-999	-999	-999	-999
30	2	0.0336111111111111	0	0	7
30	3	-999	-999	-999	-999
30	4	-999	-999	-999	-999
30	5	-999	-999	-999	-999
30	6	-999	-999	-999	-999
30	7	-999	-999	-999	-999
30	8	0.517222222222222	0.413888888888889	0.673333333333333	7
30	9	1.20722222222222	0	0	6
30	10	0.888055555555555	0	0	7
30	11	0.711944444444444	0	0	7
30	12	-999	-999	-999	-999
30	13	0.477777777777778	0	0	5
30	14	0.756944444444444	0.0366666666666667	0	7
30	15	0.930555555555556	0.350277777777778	0.0288888888888889	6
30	16	0.630555555555556	0	0	7
30	17	1.01916666666667	0.409444444444444	0	6
30	18	0.439444444444444	0	0	6
30	19	-999	-999	-999	-999
30	20	0.0116666666666667	0	0	7
30	21	0.694722222222222	0.0266666666666667	0	6
31	1	-999	-999	-999	-999
31	2	-999	-999	-999	-999
31	3	-999	-999	-999	-999
31	4	-999	-999	-999	-999
31	5	-999	-999	-999	-999
31	6	-999	-999	-999	-999
31	7	-999	-999	-999	-999
31	8	0.144444444444444	0	0	4
31	9	-999	-999	-999	-999
31	10	-999	-999	-999	-999
31	11	0.0863888888888889	0	0	4
31	12	0.333055555555556	0	0	4
31	13	-999	-999	-999	-999
31	14	0.178333333333333	0	0	4
31	15	-999	-999	-999	-999
31	16	0.0905555555555556	0	0	4
31	17	-999	-999	-999	-999
31	18	0.738888888888889	0	0	4
31	19	0.168611111111111	0	0	4
31	20	0.0188888888888889	0	0	3
31	21	0.00166666666666667	0	0	4
33	1	-999	-999	-999	-999
33	2	-999	-999	-999	-999
33	3	-999	-999	-999	-999
33	4	-999	-999	-999	-999
33	5	-999	-999	-999	-999
33	6	-999	-999	-999	-999
33	7	-999	-999	-999	-999
33	8	-999	-999	-999	-999
33	9	-999	-999	-999	-999
33	10	-999	-999	-999	-999
33	11	0	0.273611111111111	0	6
33	12	-999	-999	-999	-999
33	13	-999	-999	-999	-999
33	14	-999	-999	-999	-999
33	15	-999	-999	-999	-999
33	16	-999	-999	-999	-999
33	17	-999	-999	-999	-999
33	18	-999	-999	-999	-999
33	19	-999	-999	-999	-999
33	20	-999	-999	-999	-999
33	21	-999	-999	-999	-999
36	1	-999	-999	-999	-999
36	2	-999	-999	-999	-999
36	3	-999	-999	-999	-999
36	4	-999	-999	-999	-999
36	5	-999	-999	-999	-999
36	6	-999	-999	-999	-999
36	7	0.0538888888888889	0	0	7
36	8	-999	-999	-999	-999
36	9	-999	-999	-999	-999
36	10	-999	-999	-999	-999
36	11	0	0	0.430833333333333	5
36	12	-999	-999	-999	-999
36	13	-999	-999	-999	-999
36	14	0.111666666666667	0	0	6
36	15	-999	-999	-999	-999
36	16	0.2675	0	0.055	7
36	17	0.715555555555556	0	0	7
36	18	0.629166666666667	0.146666666666667	0	7
36	19	-999	-999	-999	-999
36	20	-999	-999	-999	-999
36	21	0.448333333333333	0	0	7
37	1	-999	-999	-999	-999
37	2	-999	-999	-999	-999
37	3	0.19	0	0	7
37	4	-999	-999	-999	-999
37	5	-999	-999	-999	-999
37	6	-999	-999	-999	-999
37	7	-999	-999	-999	-999
37	8	-999	-999	-999	-999
37	9	0.0169444444444444	0	0	6
37	10	0.370277777777778	0.0247222222222222	0	4
37	11	-999	-999	-999	-999
37	12	-999	-999	-999	-999
37	13	-999	-999	-999	-999
37	14	-999	-999	-999	-999
37	15	-999	-999	-999	-999
37	16	-999	-999	-999	-999
37	17	-999	-999	-999	-999
37	18	-999	-999	-999	-999
37	19	-999	-999	-999	-999
37	20	-999	-999	-999	-999
37	21	-999	-999	-999	-999
40	1	1.30472222222222	0	0	6
40	2	0.829444444444444	0	0	4
40	3	0	0	0	4
40	4	1.00916666666667	0	0	5
40	5	2.1375	0.025	0	6
40	6	2.48972222222222	0.218055555555556	0	6
40	7	2.18972222222222	0	0.0494444444444444	6
40	8	0.0169444444444444	0	0	5
40	9	0.307222222222222	0	0	5
40	10	-999	-999	-999	-999
40	11	0.971388888888889	0	0	5
40	12	-999	-999	-999	-999
40	13	0.338888888888889	0	0.0727777777777778	4
40	14	0.0636111111111111	0	0.176388888888889	3
40	15	0.581666666666667	0.0669444444444444	0.0158333333333333	6
40	16	0.731388888888889	0.156666666666667	0.455833333333333	6
40	17	0.778611111111111	0.000833333333333333	0	5
40	18	2.18555555555556	0.453333333333333	0	4
40	19	-999	-999	-999	-999
40	20	0.522222222222222	0	0	4
40	21	0.501388888888889	0.260833333333333	0.000555555555555556	4
46	1	-999	-999	-999	-999
46	2	-999	-999	-999	-999
46	3	0	0.000555555555555556	0	4
46	4	-999	-999	-999	-999
46	5	-999	-999	-999	-999
46	6	-999	-999	-999	-999
46	7	-999	-999	-999	-999
46	8	-999	-999	-999	-999
46	9	-999	-999	-999	-999
46	10	0.000833333333333333	0	0	6
46	11	-999	-999	-999	-999
46	12	-999	-999	-999	-999
46	13	-999	-999	-999	-999
46	14	-999	-999	-999	-999
46	15	-999	-999	-999	-999
46	16	-999	-999	-999	-999
46	17	-999	-999	-999	-999
46	18	-999	-999	-999	-999
46	19	-999	-999	-999	-999
46	20	-999	-999	-999	-999
46	21	-999	-999	-999	-999
47	1	-999	-999	-999	-999
47	2	-999	-999	-999	-999
47	3	-999	-999	-999	-999
47	4	-999	-999	-999	-999
47	5	-999	-999	-999	-999
47	6	-999	-999	-999	-999
47	7	-999	-999	-999	-999
47	8	-999	-999	-999	-999
47	9	-999	-999	-999	-999
47	10	-999	-999	-999	-999
47	11	-999	-999	-999	-999
47	12	-999	-999	-999	-999
47	13	-999	-999	-999	-999
47	14	-999	-999	-999	-999
47	15	-999	-999	-999	-999
47	16	-999	-999	-999	-999
47	17	-999	-999	-999	-999
47	18	-999	-999	-999	-999
47	19	-999	-999	-999	-999
47	20	0.0377777777777778	0	0	7
47	21	-999	-999	-999	-999
51	1	-999	-999	-999	-999
51	2	-999	-999	-999	-999
51	3	-999	-999	-999	-999
51	4	-999	-999	-999	-999
51	5	-999	-999	-999	-999
51	6	-999	-999	-999	-999
51	7	-999	-999	-999	-999
51	8	-999	-999	-999	-999
51	9	-999	-999	-999	-999
51	10	-999	-999	-999	-999
51	11	-999	-999	-999	-999
51	12	-999	-999	-999	-999
51	13	-999	-999	-999	-999
51	14	-999	-999	-999	-999
51	15	-999	-999	-999	-999
51	16	-999	-999	-999	-999
51	17	-999	-999	-999	-999
51	18	-999	-999	-999	-999
51	19	0.260277777777778	0	0	6
51	20	-999	-999	-999	-999
51	21	0.141388888888889	0	0	7
53	1	-999	-999	-999	-999
53	2	-999	-999	-999	-999
53	3	-999	-999	-999	-999
53	4	-999	-999	-999	-999
53	5	-999	-999	-999	-999
53	6	-999	-999	-999	-999
53	7	-999	-999	-999	-999
53	8	-999	-999	-999	-999
53	9	-999	-999	-999	-999
53	10	0.1475	0	0	6
53	11	-999	-999	-999	-999
53	12	-999	-999	-999	-999
53	13	-999	-999	-999	-999
53	14	-999	-999	-999	-999
53	15	-999	-999	-999	-999
53	16	-999	-999	-999	-999
53	17	0.141388888888889	0	0	6
53	18	1.97166666666667	0	0	6
53	19	-999	-999	-999	-999
53	20	1.85611111111111	0	0	6
53	21	-999	-999	-999	-999
55	1	1.58805555555556	0	0	6
55	2	1.45111111111111	0.165	0	6
55	3	1.505	0.300555555555556	0	5
55	4	2.38138888888889	0	0	6
55	5	0.610277777777778	0	0	6
55	6	-999	-999	-999	-999
55	7	0.318888888888889	0.0994444444444444	0	7
55	8	0.524722222222222	0	0.0116666666666667	6
55	9	1.07166666666667	0	0	6
55	10	1.32138888888889	0.07	0	5
55	11	2.68666666666667	0	0	6
55	12	-999	-999	-999	-999
55	13	1.42666666666667	0	0	6
55	14	0.355833333333333	0.0208333333333333	0	6
55	15	0.228888888888889	0.0188888888888889	0	7
55	16	1.24611111111111	0.095	0	6
55	17	0.563611111111111	0	0	6
55	18	0.217222222222222	0	0	6
55	19	-999	-999	-999	-999
55	20	0.153888888888889	0	0	6
55	21	0.198611111111111	0	0	7
56	1	-999	-999	-999	-999
56	2	-999	-999	-999	-999
56	3	-999	-999	-999	-999
56	4	-999	-999	-999	-999
56	5	-999	-999	-999	-999
56	6	-999	-999	-999	-999
56	7	-999	-999	-999	-999
56	8	-999	-999	-999	-999
56	9	0	0	0.000833333333333333	4
56	10	-999	-999	-999	-999
56	11	0.00138888888888889	0	0	5
56	12	-999	-999	-999	-999
56	13	-999	-999	-999	-999
56	14	-999	-999	-999	-999
56	15	0.005	0	0	5
56	16	0	0.00277777777777778	0	4
56	17	-999	-999	-999	-999
56	18	1.66638888888889	0	0	4
56	19	-999	-999	-999	-999
56	20	-999	-999	-999	-999
56	21	-999	-999	-999	-999
57	1	-999	-999	-999	-999
57	2	-999	-999	-999	-999
57	3	-999	-999	-999	-999
57	4	-999	-999	-999	-999
57	5	-999	-999	-999	-999
57	6	-999	-999	-999	-999
57	7	-999	-999	-999	-999
57	8	-999	-999	-999	-999
57	9	-999	-999	-999	-999
57	10	0.442777777777778	0	0	7
57	11	-999	-999	-999	-999
57	12	-999	-999	-999	-999
57	13	-999	-999	-999	-999
57	14	-999	-999	-999	-999
57	15	-999	-999	-999	-999
57	16	-999	-999	-999	-999
57	17	-999	-999	-999	-999
57	18	-999	-999	-999	-999
57	19	-999	-999	-999	-999
57	20	-999	-999	-999	-999
57	21	-999	-999	-999	-999
62	1	-999	-999	-999	-999
62	2	-999	-999	-999	-999
62	3	-999	-999	-999	-999
62	4	-999	-999	-999	-999
62	5	-999	-999	-999	-999
62	6	-999	-999	-999	-999
62	7	0.00833333333333333	0	0	7
62	8	-999	-999	-999	-999
62	9	-999	-999	-999	-999
62	10	-999	-999	-999	-999
62	11	-999	-999	-999	-999
62	12	1.08916666666667	0.482777777777778	0	7
62	13	-999	-999	-999	-999
62	14	-999	-999	-999	-999
62	15	-999	-999	-999	-999
62	16	-999	-999	-999	-999
62	17	-999	-999	-999	-999
62	18	-999	-999	-999	-999
62	19	-999	-999	-999	-999
62	20	-999	-999	-999	-999
62	21	-999	-999	-999	-999
63	1	0.496388888888889	0	0	7
63	2	0.279722222222222	0.159444444444444	0.0294444444444444	7
63	3	0.137777777777778	0	0	7
63	4	0.104722222222222	0	0	7
63	5	-999	-999	-999	-999
63	6	-999	-999	-999	-999
63	7	0.0291666666666667	0	0	7
63	8	0.279444444444444	0	0	7
63	9	0.188888888888889	0	0	7
63	10	0.379444444444444	0.0308333333333333	0	7
63	11	-999	-999	-999	-999
63	12	-999	-999	-999	-999
63	13	0.210555555555556	0	0	7
63	14	0.0813888888888889	0	0	7
63	15	-999	-999	-999	-999
63	16	0.622222222222222	0	0	7
63	17	0.186111111111111	0	0	7
63	18	0.271944444444444	0.0116666666666667	0	7
63	19	0.259444444444444	0.0558333333333333	0	7
63	20	0	0.0119444444444444	0	7
63	21	0.0316666666666667	0	0	7
66	1	1.96277777777778	0	0	7
66	2	1.07333333333333	0.0666666666666667	0	6
66	3	1.40277777777778	0.169722222222222	0	7
66	4	0.742222222222222	0.571388888888889	0.212222222222222	7
66	5	-999	-999	-999	-999
66	6	-999	-999	-999	-999
66	7	-999	-999	-999	-999
66	8	-999	-999	-999	-999
66	9	-999	-999	-999	-999
66	10	0.104444444444444	0	0	7
66	11	0.5675	0	0.000277777777777778	7
66	12	1.28888888888889	0.181944444444444	0	4
66	13	1.03722222222222	0.0288888888888889	0.138055555555556	7
66	14	-999	-999	-999	-999
66	15	0.0277777777777778	0	0	7
66	16	0.0958333333333333	0	0.000555555555555556	7
66	17	-999	-999	-999	-999
66	18	0.0461111111111111	0	0	7
66	19	0.0538888888888889	0	0	7
66	20	0.000555555555555556	0	0	7
66	21	0.0236111111111111	0	0	6
70	1	0.239166666666667	0	0	5
70	2	0.0486111111111111	0	0	6
70	3	0.451666666666667	0	0	5
70	4	-999	-999	-999	-999
70	5	-999	-999	-999	-999
70	6	-999	-999	-999	-999
70	7	-999	-999	-999	-999
70	8	-999	-999	-999	-999
70	9	1.36055555555556	0	0	5
70	10	-999	-999	-999	-999
70	11	0.0922222222222222	0	0	5
70	12	-999	-999	-999	-999
70	13	-999	-999	-999	-999
70	14	0	0	0	5
70	15	-999	-999	-999	-999
70	16	0.36	0	0	5
70	17	0.108611111111111	0	0	5
70	18	-999	-999	-999	-999
70	19	0.0222222222222222	0	0	5
70	20	-999	-999	-999	-999
70	21	-999	-999	-999	-999
71	1	-999	-999	-999	-999
71	2	0.0361111111111111	0	0	4
71	3	-999	-999	-999	-999
71	4	-999	-999	-999	-999
71	5	-999	-999	-999	-999
71	6	-999	-999	-999	-999
71	7	-999	-999	-999	-999
71	8	-999	-999	-999	-999
71	9	-999	-999	-999	-999
71	10	0.0719444444444444	0	0	4
71	11	-999	-999	-999	-999
71	12	-999	-999	-999	-999
71	13	-999	-999	-999	-999
71	14	-999	-999	-999	-999
71	15	-999	-999	-999	-999
71	16	-999	-999	-999	-999
71	17	-999	-999	-999	-999
71	18	-999	-999	-999	-999
71	19	-999	-999	-999	-999
71	20	-999	-999	-999	-999
71	21	-999	-999	-999	-999
72	1	1.02916666666667	0	0	7
72	2	4.82305555555556	0	0	7
72	3	-999	-999	-999	-999
72	4	1.0925	0	0	4
72	5	-999	-999	-999	-999
72	6	1.36611111111111	0	0	7
72	7	0.395555555555556	0	0	4
72	8	-999	-999	-999	-999
72	9	1.52972222222222	0	0	4
72	10	0.9675	0	0	4
72	11	-999	-999	-999	-999
72	12	-999	-999	-999	-999
72	13	-999	-999	-999	-999
72	14	-999	-999	-999	-999
72	15	0.795555555555556	0.11	0	4
72	16	0.92	0	1.16722222222222	3
72	17	0.866111111111111	0	0	4
72	18	-999	-999	-999	-999
72	19	-999	-999	-999	-999
72	20	-999	-999	-999	-999
72	21	1.36611111111111	0	0	4
79	1	-999	-999	-999	-999
79	2	0.00138888888888889	0	0	7
79	3	-999	-999	-999	-999
79	4	-999	-999	-999	-999
79	5	-999	-999	-999	-999
79	6	-999	-999	-999	-999
79	7	0.000833333333333333	0	0	7
79	8	-999	-999	-999	-999
79	9	-999	-999	-999	-999
79	10	0.000277777777777778	0	0	7
79	11	-999	-999	-999	-999
79	12	-999	-999	-999	-999
79	13	0.000833333333333333	0	0	7
79	14	-999	-999	-999	-999
79	15	-999	-999	-999	-999
79	16	-999	-999	-999	-999
79	17	-999	-999	-999	-999
79	18	-999	-999	-999	-999
79	19	-999	-999	-999	-999
79	20	-999	-999	-999	-999
79	21	-999	-999	-999	-999
86	1	0.115833333333333	0	0	4
86	2	-999	-999	-999	-999
86	3	-999	-999	-999	-999
86	4	-999	-999	-999	-999
86	5	-999	-999	-999	-999
86	6	-999	-999	-999	-999
86	7	-999	-999	-999	-999
86	8	-999	-999	-999	-999
86	9	-999	-999	-999	-999
86	10	-999	-999	-999	-999
86	11	-999	-999	-999	-999
86	12	-999	-999	-999	-999
86	13	-999	-999	-999	-999
86	14	-999	-999	-999	-999
86	15	-999	-999	-999	-999
86	16	-999	-999	-999	-999
86	17	0.233333333333333	0	0	7
86	18	-999	-999	-999	-999
86	19	-999	-999	-999	-999
86	20	-999	-999	-999	-999
86	21	-999	-999	-999	-999
88	1	-999	-999	-999	-999
88	2	0.000277777777777778	0	0	5
88	3	-999	-999	-999	-999
88	4	-999	-999	-999	-999
88	5	-999	-999	-999	-999
88	6	0.0305555555555556	0	0	6
88	7	-999	-999	-999	-999
88	8	-999	-999	-999	-999
88	9	-999	-999	-999	-999
88	10	-999	-999	-999	-999
88	11	-999	-999	-999	-999
88	12	-999	-999	-999	-999
88	13	-999	-999	-999	-999
88	14	-999	-999	-999	-999
88	15	-999	-999	-999	-999
88	16	0.000277777777777778	0	0	6
88	17	-999	-999	-999	-999
88	18	-999	-999	-999	-999
88	19	0.0647222222222222	0	0.000277777777777778	5
88	20	-999	-999	-999	-999
88	21	-999	-999	-999	-999
90	1	0.000555555555555556	0.0430555555555556	0.00277777777777778	7
90	2	0.714444444444444	0	0	7
90	3	0.954722222222222	0	0	7
90	4	0.944444444444444	0	0	7
90	5	0.0255555555555556	0	0	7
90	6	1.01944444444444	0	0.293055555555556	7
90	7	0.584444444444445	0	0	7
90	8	1.50055555555556	0	0	7
90	9	1.74333333333333	0	0	7
90	10	0.450555555555556	0	0	7
90	11	1.52638888888889	0	0	7
90	12	-999	-999	-999	-999
90	13	0.0144444444444444	0	0	7
90	14	-999	-999	-999	-999
90	15	0.701388888888889	0	0.553888888888889	7
90	16	0.177777777777778	0	0	7
90	17	1.30138888888889	0.374166666666667	0.283611111111111	7
90	18	1.21944444444444	0	0	7
90	19	0.486388888888889	0	0	7
90	20	-999	-999	-999	-999
90	21	-999	-999	-999	-999
94	1	0.3925	0	0	1
94	2	0.154444444444444	0	0	3
94	3	0.0836111111111111	0	0	5
94	4	-999	-999	-999	-999
94	5	-999	-999	-999	-999
94	6	-999	-999	-999	-999
94	7	-999	-999	-999	-999
94	8	-999	-999	-999	-999
94	9	-999	-999	-999	-999
94	10	-999	-999	-999	-999
94	11	0.2125	0.235555555555556	0	4
94	12	-999	-999	-999	-999
94	13	-999	-999	-999	-999
94	14	-999	-999	-999	-999
94	15	-999	-999	-999	-999
94	16	-999	-999	-999	-999
94	17	-999	-999	-999	-999
94	18	-999	-999	-999	-999
94	19	-999	-999	-999	-999
94	20	-999	-999	-999	-999
94	21	-999	-999	-999	-999
95	1	-999	-999	-999	-999
95	2	-999	-999	-999	-999
95	3	-999	-999	-999	-999
95	4	-999	-999	-999	-999
95	5	-999	-999	-999	-999
95	6	-999	-999	-999	-999
95	7	-999	-999	-999	-999
95	8	0.000277777777777778	0	0	7
95	9	-999	-999	-999	-999
95	10	-999	-999	-999	-999
95	11	-999	-999	-999	-999
95	12	-999	-999	-999	-999
95	13	-999	-999	-999	-999
95	14	-999	-999	-999	-999
95	15	0.0125	0	0	7
95	16	-999	-999	-999	-999
95	17	-999	-999	-999	-999
95	18	-999	-999	-999	-999
95	19	-999	-999	-999	-999
95	20	-999	-999	-999	-999
95	21	-999	-999	-999	-999
97	1	-999	-999	-999	-999
97	2	-999	-999	-999	-999
97	3	-999	-999	-999	-999
97	4	-999	-999	-999	-999
97	5	-999	-999	-999	-999
97	6	-999	-999	-999	-999
97	7	-999	-999	-999	-999
97	8	-999	-999	-999	-999
97	9	-999	-999	-999	-999
97	10	-999	-999	-999	-999
97	11	-999	-999	-999	-999
97	12	-999	-999	-999	-999
97	13	0.000277777777777778	0	0	4
97	14	-999	-999	-999	-999
97	15	-999	-999	-999	-999
97	16	-999	-999	-999	-999
97	17	-999	-999	-999	-999
97	18	-999	-999	-999	-999
97	19	-999	-999	-999	-999
97	20	-999	-999	-999	-999
97	21	-999	-999	-999	-999
98	1	-999	-999	-999	-999
98	2	-999	-999	-999	-999
98	3	-999	-999	-999	-999
98	4	-999	-999	-999	-999
98	5	-999	-999	-999	-999
98	6	0.02	0	0	5
98	7	-999	-999	-999	-999
98	8	-999	-999	-999	-999
98	9	-999	-999	-999	-999
98	10	-999	-999	-999	-999
98	11	-999	-999	-999	-999
98	12	0.00972222222222222	0	0	3
98	13	-999	-999	-999	-999
98	14	-999	-999	-999	-999
98	15	-999	-999	-999	-999
98	16	-999	-999	-999	-999
98	17	-999	-999	-999	-999
98	18	-999	-999	-999	-999
98	19	-999	-999	-999	-999
98	20	-999	-999	-999	-999
98	21	-999	-999	-999	-999
99	1	-999	-999	-999	-999
99	2	-999	-999	-999	-999
99	3	-999	-999	-999	-999
99	4	-999	-999	-999	-999
99	5	-999	-999	-999	-999
99	6	-999	-999	-999	-999
99	7	-999	-999	-999	-999
99	8	-999	-999	-999	-999
99	9	-999	-999	-999	-999
99	10	-999	-999	-999	-999
99	11	0.00138888888888889	0	0	5
99	12	-999	-999	-999	-999
99	13	-999	-999	-999	-999
99	14	-999	-999	-999	-999
99	15	-999	-999	-999	-999
99	16	-999	-999	-999	-999
99	17	-999	-999	-999	-999
99	18	-999	-999	-999	-999
99	19	-999	-999	-999	-999
99	20	-999	-999	-999	-999
99	21	-999	-999	-999	-999
100	1	0.836111111111111	0.303611111111111	0.0494444444444444	6
100	2	2.295	0.516388888888889	0.0794444444444444	7
100	3	-999	-999	-999	-999
100	4	1.34222222222222	0.405277777777778	1.06944444444444	7
100	5	-999	-999	-999	-999
100	6	-999	-999	-999	-999
100	7	1.23111111111111	0.625	0.0122222222222222	7
100	8	-999	-999	-999	-999
100	9	-999	-999	-999	-999
100	10	-999	-999	-999	-999
100	11	-999	-999	-999	-999
100	12	-999	-999	-999	-999
100	13	-999	-999	-999	-999
100	14	3.41777777777778	0.148333333333333	0.0172222222222222	6
100	15	-999	-999	-999	-999
100	16	0.468611111111111	0	0	6
100	17	-999	-999	-999	-999
100	18	-999	-999	-999	-999
100	19	-999	-999	-999	-999
100	20	-999	-999	-999	-999
100	21	-999	-999	-999	-999
102	1	0.873055555555556	0	0	4
102	2	0.741111111111111	0	0	4
102	3	-999	-999	-999	-999
102	4	1.66777777777778	0	0	3
102	5	-999	-999	-999	-999
102	6	-999	-999	-999	-999
102	7	-999	-999	-999	-999
102	8	-999	-999	-999	-999
102	9	-999	-999	-999	-999
102	10	0.143611111111111	0.0486111111111111	0	4
102	11	0.561111111111111	0	0	3
102	12	0.250833333333333	0	0	3
102	13	-999	-999	-999	-999
102	14	-999	-999	-999	-999
102	15	0.0138888888888889	0	0	2
102	16	0.0102777777777778	0	0	6
102	17	0.79	0	0	2
102	18	1.09611111111111	0	0	4
102	19	-999	-999	-999	-999
102	20	-999	-999	-999	-999
102	21	-999	-999	-999	-999
104	1	-999	-999	-999	-999
104	2	0.0483333333333333	0	0	6
104	3	-999	-999	-999	-999
104	4	-999	-999	-999	-999
104	5	-999	-999	-999	-999
104	6	-999	-999	-999	-999
104	7	-999	-999	-999	-999
104	8	-999	-999	-999	-999
104	9	-999	-999	-999	-999
104	10	1.81861111111111	0	0	7
104	11	-999	-999	-999	-999
104	12	0.159444444444444	0	0	6
104	13	-999	-999	-999	-999
104	14	-999	-999	-999	-999
104	15	-999	-999	-999	-999
104	16	-999	-999	-999	-999
104	17	-999	-999	-999	-999
104	18	-999	-999	-999	-999
104	19	-999	-999	-999	-999
104	20	-999	-999	-999	-999
104	21	-999	-999	-999	-999
105	1	-999	-999	-999	-999
105	2	-999	-999	-999	-999
105	3	-999	-999	-999	-999
105	4	-999	-999	-999	-999
105	5	-999	-999	-999	-999
105	6	-999	-999	-999	-999
105	7	-999	-999	-999	-999
105	8	-999	-999	-999	-999
105	9	-999	-999	-999	-999
105	10	-999	-999	-999	-999
105	11	-999	-999	-999	-999
105	12	-999	-999	-999	-999
105	13	-999	-999	-999	-999
105	14	0.172222222222222	0	0	6
105	15	-999	-999	-999	-999
105	16	1.33583333333333	0	0	6
105	17	-999	-999	-999	-999
105	18	-999	-999	-999	-999
105	19	-999	-999	-999	-999
105	20	-999	-999	-999	-999
105	21	-999	-999	-999	-999
106	1	-999	-999	-999	-999
106	2	-999	-999	-999	-999
106	3	-999	-999	-999	-999
106	4	-999	-999	-999	-999
106	5	-999	-999	-999	-999
106	6	-999	-999	-999	-999
106	7	-999	-999	-999	-999
106	8	-999	-999	-999	-999
106	9	-999	-999	-999	-999
106	10	-999	-999	-999	-999
106	11	-999	-999	-999	-999
106	12	-999	-999	-999	-999
106	13	-999	-999	-999	-999
106	14	-999	-999	-999	-999
106	15	-999	-999	-999	-999
106	16	-999	-999	-999	-999
106	17	-999	-999	-999	-999
106	18	-999	-999	-999	-999
106	19	-999	-999	-999	-999
106	20	0.0505555555555556	0	0	5
106	21	-999	-999	-999	-999
108	1	1.34222222222222	0.0808333333333333	0.895	5
108	2	1.22194444444444	0.738888888888889	0	3
108	3	0.717222222222222	0	0.0683333333333333	5
108	4	0.864444444444444	0.0363888888888889	0.199722222222222	2
108	5	1.94083333333333	0.0522222222222222	1.96861111111111	4
108	6	0.289166666666667	0	0.309166666666667	6
108	7	1.04194444444444	0.0205555555555556	0.223055555555556	4
108	8	0.443055555555556	0	0.371388888888889	6
108	9	2.74055555555556	0.0636111111111111	0.0269444444444444	6
108	10	2.49805555555556	0.0591666666666667	0	5
108	11	3.47222222222222	0.191388888888889	0.520555555555556	3
108	12	0.361944444444444	0.0661111111111111	0	3
108	13	-999	-999	-999	-999
108	14	2.80527777777778	0	0	5
108	15	1.1575	0.119722222222222	0	5
108	16	1.99	0	0.172777777777778	5
108	17	1.48833333333333	0	0.2725	6
108	18	3.71666666666667	0.393333333333333	0.305833333333333	3
108	19	4.0475	0.0377777777777778	0.0780555555555556	6
108	20	0.285833333333333	0	0.0713888888888889	6
108	21	0.673888888888889	0.0277777777777778	0.0961111111111111	3
110	1	0.163888888888889	0	0.00166666666666667	7
110	2	0.185555555555556	0	0	5
110	3	1.65861111111111	0	0	6
110	4	0.297222222222222	0	0	6
110	5	-999	-999	-999	-999
110	6	2.18694444444444	0	0.967222222222222	6
110	7	1.29861111111111	0	0	7
110	8	-999	-999	-999	-999
110	9	0.471666666666667	0	0	7
110	10	0.602777777777778	0	0	7
110	11	1.89916666666667	0	0	7
110	12	-999	-999	-999	-999
110	13	-999	-999	-999	-999
110	14	3.34166666666667	0	0	7
110	15	8.09944444444444	0.00472222222222222	0	7
110	16	-999	-999	-999	-999
110	17	-999	-999	-999	-999
110	18	2.08138888888889	0	0	7
110	19	-999	-999	-999	-999
110	20	-999	-999	-999	-999
110	21	1.42444444444444	0.0308333333333333	0	7
111	1	-999	-999	-999	-999
111	2	-999	-999	-999	-999
111	3	-999	-999	-999	-999
111	4	-999	-999	-999	-999
111	5	-999	-999	-999	-999
111	6	-999	-999	-999	-999
111	7	-999	-999	-999	-999
111	8	-999	-999	-999	-999
111	9	2.26527777777778	0.623333333333333	0	7
111	10	1.16555555555556	0.775833333333333	0	7
111	11	-999	-999	-999	-999
111	12	-999	-999	-999	-999
111	13	-999	-999	-999	-999
111	14	-999	-999	-999	-999
111	15	-999	-999	-999	-999
111	16	-999	-999	-999	-999
111	17	-999	-999	-999	-999
111	18	-999	-999	-999	-999
111	19	-999	-999	-999	-999
111	20	-999	-999	-999	-999
111	21	-999	-999	-999	-999
113	1	0.160833333333333	0	0	4
113	2	-999	-999	-999	-999
113	3	-999	-999	-999	-999
113	4	0	0	0.0130555555555556	4
113	5	-999	-999	-999	-999
113	6	-999	-999	-999	-999
113	7	-999	-999	-999	-999
113	8	-999	-999	-999	-999
113	9	-999	-999	-999	-999
113	10	-999	-999	-999	-999
113	11	-999	-999	-999	-999
113	12	-999	-999	-999	-999
113	13	-999	-999	-999	-999
113	14	-999	-999	-999	-999
113	15	-999	-999	-999	-999
113	16	-999	-999	-999	-999
113	17	-999	-999	-999	-999
113	18	-999	-999	-999	-999
113	19	-999	-999	-999	-999
113	20	-999	-999	-999	-999
113	21	-999	-999	-999	-999
114	1	0.644722222222222	0	0	5
114	2	-999	-999	-999	-999
114	3	0.930833333333333	0	0	6
114	4	-999	-999	-999	-999
114	5	-999	-999	-999	-999
114	6	-999	-999	-999	-999
114	7	0.0194444444444444	0	0	5
114	8	0.0494444444444444	0.0519444444444444	0	6
114	9	0.332777777777778	0	0	5
114	10	-999	-999	-999	-999
114	11	-999	-999	-999	-999
114	12	-999	-999	-999	-999
114	13	-999	-999	-999	-999
114	14	-999	-999	-999	-999
114	15	0.112777777777778	0	0	6
114	16	0.00388888888888889	0	0	6
114	17	0.00194444444444444	0	0	6
114	18	-999	-999	-999	-999
114	19	0.206111111111111	0	0	6
114	20	-999	-999	-999	-999
114	21	0	0.0852777777777778	0.0808333333333333	6
116	1	-999	-999	-999	-999
116	2	-999	-999	-999	-999
116	3	4.07361111111111	0	0	4
116	4	-999	-999	-999	-999
116	5	2.15305555555556	0	0	6
116	6	4.45472222222222	0	0.0902777777777778	6
116	7	1.83666666666667	0	0	5
116	8	0	0.0111111111111111	0	7
116	9	0.179722222222222	0	0	6
116	10	0.370277777777778	0	0	6
116	11	0.430833333333333	0	0	6
116	12	-999	-999	-999	-999
116	13	0.135833333333333	0	0	7
116	14	0.155277777777778	0	0	7
116	15	-999	-999	-999	-999
116	16	0.130833333333333	0	0	7
116	17	-999	-999	-999	-999
116	18	0.289166666666667	0	0	7
116	19	0.680277777777778	0	0	7
116	20	2.69916666666667	0	0.314444444444444	1
116	21	3.86277777777778	0	0	5
120	1	-999	-999	-999	-999
120	2	0.0627777777777778	0	0	4
120	3	-999	-999	-999	-999
120	4	0.427222222222222	0	0	4
120	5	-999	-999	-999	-999
120	6	-999	-999	-999	-999
120	7	-999	-999	-999	-999
120	8	-999	-999	-999	-999
120	9	-999	-999	-999	-999
120	10	-999	-999	-999	-999
120	11	-999	-999	-999	-999
120	12	-999	-999	-999	-999
120	13	-999	-999	-999	-999
120	14	-999	-999	-999	-999
120	15	-999	-999	-999	-999
120	16	-999	-999	-999	-999
120	17	-999	-999	-999	-999
120	18	-999	-999	-999	-999
120	19	-999	-999	-999	-999
120	20	-999	-999	-999	-999
120	21	-999	-999	-999	-999
121	1	-999	-999	-999	-999
121	2	-999	-999	-999	-999
121	3	-999	-999	-999	-999
121	4	-999	-999	-999	-999
121	5	-999	-999	-999	-999
121	6	-999	-999	-999	-999
121	7	-999	-999	-999	-999
121	8	-999	-999	-999	-999
121	9	0.185	0	0	4
121	10	-999	-999	-999	-999
121	11	-999	-999	-999	-999
121	12	-999	-999	-999	-999
121	13	-999	-999	-999	-999
121	14	-999	-999	-999	-999
121	15	-999	-999	-999	-999
121	16	-999	-999	-999	-999
121	17	-999	-999	-999	-999
121	18	-999	-999	-999	-999
121	19	-999	-999	-999	-999
121	20	-999	-999	-999	-999
121	21	-999	-999	-999	-999
122	1	-999	-999	-999	-999
122	2	0.0863888888888889	0	0	7
122	3	-999	-999	-999	-999
122	4	-999	-999	-999	-999
122	5	-999	-999	-999	-999
122	6	-999	-999	-999	-999
122	7	-999	-999	-999	-999
122	8	-999	-999	-999	-999
122	9	-999	-999	-999	-999
122	10	-999	-999	-999	-999
122	11	-999	-999	-999	-999
122	12	-999	-999	-999	-999
122	13	-999	-999	-999	-999
122	14	0.113888888888889	0.0916666666666667	0	6
122	15	-999	-999	-999	-999
122	16	-999	-999	-999	-999
122	17	-999	-999	-999	-999
122	18	-999	-999	-999	-999
122	19	-999	-999	-999	-999
122	20	-999	-999	-999	-999
122	21	-999	-999	-999	-999
128	1	7.06472222222222	0.191666666666667	0	5
128	2	4.93277777777778	0	0	6
128	3	5.17277777777778	0	0	5
128	4	5.20555555555555	0.103888888888889	0	6
128	5	3.25611111111111	0.328611111111111	0.000277777777777778	6
128	6	3.79388888888889	0.000555555555555556	0	7
128	7	1.55527777777778	0.000555555555555556	0	6
128	8	2.40805555555556	0.000277777777777778	0	7
128	9	3.67111111111111	0	0	7
128	10	2.24888888888889	0.000277777777777778	0	6
128	11	2.07722222222222	0.000277777777777778	0	6
128	12	3.34972222222222	0.614166666666667	0	6
128	13	5.10861111111111	0.000277777777777778	0	7
128	14	7.23638888888889	0	0	6
128	15	3.59583333333333	0.000277777777777778	0	6
128	16	4.51972222222222	0.000277777777777778	0.000277777777777778	6
128	17	2.75138888888889	0.904166666666667	0	6
128	18	3.90833333333333	0	0	3
128	19	3.25194444444444	0.113611111111111	0	6
128	20	7.58194444444444	0	0	6
128	21	2.39944444444444	0.000555555555555556	0	5
129	1	0.4075	0	0	4
129	2	0.314166666666667	0	0.238888888888889	2
129	3	0.8975	0	0	5
129	4	0.217777777777778	0	0	5
129	5	-999	-999	-999	-999
129	6	-999	-999	-999	-999
129	7	1.99861111111111	0	0	4
129	8	1.54527777777778	0	0.308333333333333	4
129	9	0.2775	0.361111111111111	0	5
129	10	-999	-999	-999	-999
129	11	0.196388888888889	0	0	7
129	12	-999	-999	-999	-999
129	13	0.0619444444444444	0	0	7
129	14	-999	-999	-999	-999
129	15	0.0372222222222222	0	0	1
129	16	-999	-999	-999	-999
129	17	-999	-999	-999	-999
129	18	-999	-999	-999	-999
129	19	-999	-999	-999	-999
129	20	-999	-999	-999	-999
129	21	-999	-999	-999	-999
130	1	1.51555555555556	0.324444444444444	0	6
130	2	3.22083333333333	0.163333333333333	0	6
130	3	2.81638888888889	0.445833333333333	0.0147222222222222	5
130	4	6.27388888888889	0.539166666666667	0	6
130	5	-999	-999	-999	-999
130	6	-999	-999	-999	-999
130	7	2.825	0.379722222222222	0	5
130	8	4.58722222222222	0.174444444444444	0.0611111111111111	6
130	9	4.71888888888889	0.278888888888889	0	6
130	10	2.59166666666667	0.2175	0.0472222222222222	6
130	11	3.47083333333333	0.230277777777778	0	5
130	12	3.46	0.607777777777778	0	5
130	13	-999	-999	-999	-999
130	14	1.91805555555556	0.514722222222222	0	6
130	15	2.91138888888889	0.114722222222222	0	6
130	16	1.88777777777778	0.138888888888889	0	3
130	17	2.77333333333333	0.251388888888889	0	6
130	18	1.92111111111111	0	0.465277777777778	6
130	19	-999	-999	-999	-999
130	20	1.30666666666667	0.456666666666667	0	6
130	21	1.28583333333333	0	0	6
145	1	-999	-999	-999	-999
145	2	-999	-999	-999	-999
145	3	-999	-999	-999	-999
145	4	-999	-999	-999	-999
145	5	-999	-999	-999	-999
145	6	-999	-999	-999	-999
145	7	-999	-999	-999	-999
145	8	-999	-999	-999	-999
145	9	-999	-999	-999	-999
145	10	-999	-999	-999	-999
145	11	-999	-999	-999	-999
145	12	-999	-999	-999	-999
145	13	-999	-999	-999	-999
145	14	-999	-999	-999	-999
145	15	-999	-999	-999	-999
145	16	-999	-999	-999	-999
145	17	-999	-999	-999	-999
145	18	0.212777777777778	0	0	2
145	19	-999	-999	-999	-999
145	20	-999	-999	-999	-999
145	21	-999	-999	-999	-999
151	1	0.0827777777777778	0	0	6
151	2	0.000277777777777778	0	0	7
151	3	-999	-999	-999	-999
151	4	-999	-999	-999	-999
151	5	-999	-999	-999	-999
151	6	0.000277777777777778	0	0	6
151	7	-999	-999	-999	-999
151	8	-999	-999	-999	-999
151	9	-999	-999	-999	-999
151	10	-999	-999	-999	-999
151	11	-999	-999	-999	-999
151	12	0.000833333333333333	0	0	6
151	13	-999	-999	-999	-999
151	14	0.000277777777777778	0	0	6
151	15	-999	-999	-999	-999
151	16	-999	-999	-999	-999
151	17	-999	-999	-999	-999
151	18	-999	-999	-999	-999
151	19	-999	-999	-999	-999
151	20	-999	-999	-999	-999
151	21	-999	-999	-999	-999
161	1	-999	-999	-999	-999
161	2	-999	-999	-999	-999
161	3	-999	-999	-999	-999
161	4	-999	-999	-999	-999
161	5	0.717777777777778	0.116388888888889	0	7
161	6	2.19916666666667	0	0	6
161	7	0.0958333333333333	0	0	7
161	8	-999	-999	-999	-999
161	9	0.0561111111111111	0	0	7
161	10	0.435	0	0	7
161	11	3.66138888888889	0	0	7
161	12	-999	-999	-999	-999
161	13	-999	-999	-999	-999
161	14	2.33555555555556	0	0	7
161	15	3.43555555555556	0	0	7
161	16	0.204444444444444	0	0	7
161	17	-999	-999	-999	-999
161	18	1.40277777777778	0	0	7
161	19	-999	-999	-999	-999
161	20	-999	-999	-999	-999
161	21	-999	-999	-999	-999
167	1	-999	-999	-999	-999
167	2	-999	-999	-999	-999
167	3	-999	-999	-999	-999
167	4	-999	-999	-999	-999
167	5	0	0.0411111111111111	0	5
167	6	-999	-999	-999	-999
167	7	-999	-999	-999	-999
167	8	-999	-999	-999	-999
167	9	-999	-999	-999	-999
167	10	-999	-999	-999	-999
167	11	-999	-999	-999	-999
167	12	-999	-999	-999	-999
167	13	-999	-999	-999	-999
167	14	-999	-999	-999	-999
167	15	-999	-999	-999	-999
167	16	-999	-999	-999	-999
167	17	-999	-999	-999	-999
167	18	-999	-999	-999	-999
167	19	-999	-999	-999	-999
167	20	0.332222222222222	0	0.35	5
167	21	-999	-999	-999	-999
169	1	0.0608333333333333	0	0	7
169	2	0.0688888888888889	0	0	6
169	3	-999	-999	-999	-999
169	4	0.0680555555555555	0	0	6
169	5	-999	-999	-999	-999
169	6	-999	-999	-999	-999
169	7	-999	-999	-999	-999
169	8	-999	-999	-999	-999
169	9	0.6825	0	0	4
169	10	0.0297222222222222	0	0	4
169	11	2.09861111111111	0	0	4
169	12	-999	-999	-999	-999
169	13	-999	-999	-999	-999
169	14	-999	-999	-999	-999
169	15	0.0544444444444444	0	0	4
169	16	-999	-999	-999	-999
169	17	-999	-999	-999	-999
169	18	0.0188888888888889	0	0	4
169	19	0.265833333333333	0	0	4
169	20	-999	-999	-999	-999
169	21	-999	-999	-999	-999
171	1	1.00916666666667	0	0	5
171	2	0.0183333333333333	0	0	5
171	3	0.702777777777778	0	0	6
171	4	-999	-999	-999	-999
171	5	-999	-999	-999	-999
171	6	-999	-999	-999	-999
171	7	-999	-999	-999	-999
171	8	-999	-999	-999	-999
171	9	-999	-999	-999	-999
171	10	-999	-999	-999	-999
171	11	-999	-999	-999	-999
171	12	-999	-999	-999	-999
171	13	-999	-999	-999	-999
171	14	-999	-999	-999	-999
171	15	-999	-999	-999	-999
171	16	-999	-999	-999	-999
171	17	-999	-999	-999	-999
171	18	-999	-999	-999	-999
171	19	-999	-999	-999	-999
171	20	-999	-999	-999	-999
171	21	-999	-999	-999	-999
178	1	-999	-999	-999	-999
178	2	1.11277777777778	0	0	6
178	3	1.87583333333333	0	0	5
178	4	0.925833333333333	0	0	5
178	5	-999	-999	-999	-999
178	6	0.720277777777778	0	0	6
178	7	2.22694444444444	0	0	6
178	8	1.42222222222222	0	0	6
178	9	2.00833333333333	0.0669444444444444	0	6
178	10	0.788055555555556	0.0669444444444444	0	6
178	11	1.11138888888889	0	0	5
178	12	-999	-999	-999	-999
178	13	1.18194444444444	0.0488888888888889	0.257777777777778	5
178	14	0.809722222222222	0	0	6
178	15	0.441111111111111	0	0	6
178	16	1.30305555555556	0	0	3
178	17	0.226666666666667	0.00583333333333333	0	4
178	18	1.88111111111111	0	0	4
178	19	-999	-999	-999	-999
178	20	0.338055555555556	0	0	5
178	21	-999	-999	-999	-999
184	1	-999	-999	-999	-999
184	2	-999	-999	-999	-999
184	3	-999	-999	-999	-999
184	4	-999	-999	-999	-999
184	5	0.000555555555555556	0	0	7
184	6	-999	-999	-999	-999
184	7	-999	-999	-999	-999
184	8	-999	-999	-999	-999
184	9	-999	-999	-999	-999
184	10	-999	-999	-999	-999
184	11	-999	-999	-999	-999
184	12	-999	-999	-999	-999
184	13	-999	-999	-999	-999
184	14	-999	-999	-999	-999
184	15	-999	-999	-999	-999
184	16	-999	-999	-999	-999
184	17	-999	-999	-999	-999
184	18	-999	-999	-999	-999
184	19	-999	-999	-999	-999
184	20	-999	-999	-999	-999
184	21	-999	-999	-999	-999
188	1	-999	-999	-999	-999
188	2	-999	-999	-999	-999
188	3	-999	-999	-999	-999
188	4	-999	-999	-999	-999
188	5	-999	-999	-999	-999
188	6	0.102777777777778	0	0	6
188	7	0.731388888888889	0	0	6
188	8	0.329166666666667	0	0	6
188	9	-999	-999	-999	-999
188	10	-999	-999	-999	-999
188	11	-999	-999	-999	-999
188	12	-999	-999	-999	-999
188	13	-999	-999	-999	-999
188	14	-999	-999	-999	-999
188	15	-999	-999	-999	-999
188	16	-999	-999	-999	-999
188	17	-999	-999	-999	-999
188	18	-999	-999	-999	-999
188	19	-999	-999	-999	-999
188	20	0.0397222222222222	0	0	5
188	21	-999	-999	-999	-999
191	1	0.829444444444444	0.550833333333333	0.145	4
191	2	1.33611111111111	0	0	6
191	3	1.26305555555556	0.472222222222222	0.184444444444444	4
191	4	1.315	0	0	5
191	5	1.0575	0.235555555555556	0	3
191	6	0.828333333333333	0	0	3
191	7	0.981944444444444	0.161666666666667	0	4
191	8	0.556666666666667	0.0647222222222222	0	4
191	9	1.12555555555556	0.0502777777777778	0	4
191	10	1.32138888888889	0	0	4
191	11	1.6925	0	0	4
191	12	1.15805555555556	0.0541666666666667	0	4
191	13	1.22888888888889	0	0	5
191	14	0.0983333333333333	0	0	4
191	15	0.0972222222222222	0	0	4
191	16	0.0241666666666667	0	0	3
191	17	0.505	0	0	4
191	18	0.724166666666667	0	0.0666666666666667	5
191	19	1.42583333333333	0.1025	1.60027777777778	6
191	20	2.80361111111111	0.154166666666667	0	5
191	21	0.875	0	0	5
196	1	0.798611111111111	0.198888888888889	0.000555555555555556	7
196	2	2.02194444444444	0	0	6
196	3	1.03444444444444	0	0	5
196	4	3.13388888888889	0	0	7
196	5	2.05388888888889	0	0	7
196	6	-999	-999	-999	-999
196	7	0.427777777777778	0.222777777777778	0	6
196	8	0.756944444444444	0	0	6
196	9	2.13805555555556	0.116111111111111	0	6
196	10	1.40444444444444	0	0	6
196	11	1.00277777777778	0.441666666666667	0	6
196	12	1.415	0.00277777777777778	0.274722222222222	4
196	13	0.675555555555556	0	0	6
196	14	0.878055555555555	0	0	6
196	15	1.58888888888889	0	0	6
196	16	1.1025	0	0	6
196	17	1.41805555555556	0	0	6
196	18	3.69194444444444	0	0	6
196	19	1.81694444444444	0	0.136388888888889	5
196	20	0.569722222222222	0	0.000555555555555556	6
196	21	0.710833333333333	0.185	0	6
202	1	-999	-999	-999	-999
202	2	-999	-999	-999	-999
202	3	-999	-999	-999	-999
202	4	-999	-999	-999	-999
202	5	-999	-999	-999	-999
202	6	-999	-999	-999	-999
202	7	-999	-999	-999	-999
202	8	-999	-999	-999	-999
202	9	-999	-999	-999	-999
202	10	-999	-999	-999	-999
202	11	-999	-999	-999	-999
202	12	-999	-999	-999	-999
202	13	-999	-999	-999	-999
202	14	0.00388888888888889	0	0	5
202	15	-999	-999	-999	-999
202	16	-999	-999	-999	-999
202	17	-999	-999	-999	-999
202	18	-999	-999	-999	-999
202	19	-999	-999	-999	-999
202	20	-999	-999	-999	-999
202	21	-999	-999	-999	-999
204	1	1.245	0	0	7
204	2	-999	-999	-999	-999
204	3	-999	-999	-999	-999
204	4	-999	-999	-999	-999
204	5	-999	-999	-999	-999
204	6	-999	-999	-999	-999
204	7	-999	-999	-999	-999
204	8	-999	-999	-999	-999
204	9	0.00111111111111111	0	0	7
204	10	-999	-999	-999	-999
204	11	-999	-999	-999	-999
204	12	-999	-999	-999	-999
204	13	-999	-999	-999	-999
204	14	-999	-999	-999	-999
204	15	-999	-999	-999	-999
204	16	-999	-999	-999	-999
204	17	-999	-999	-999	-999
204	18	-999	-999	-999	-999
204	19	-999	-999	-999	-999
204	20	-999	-999	-999	-999
204	21	-999	-999	-999	-999
210	1	-999	-999	-999	-999
210	2	-999	-999	-999	-999
210	3	-999	-999	-999	-999
210	4	-999	-999	-999	-999
210	5	-999	-999	-999	-999
210	6	0.205277777777778	0.0733333333333333	0	7
210	7	2.22	0	0	7
210	8	-999	-999	-999	-999
210	9	-999	-999	-999	-999
210	10	0.0833333333333333	0.108055555555556	0	7
210	11	-999	-999	-999	-999
210	12	-999	-999	-999	-999
210	13	-999	-999	-999	-999
210	14	-999	-999	-999	-999
210	15	-999	-999	-999	-999
210	16	-999	-999	-999	-999
210	17	-999	-999	-999	-999
210	18	-999	-999	-999	-999
210	19	-999	-999	-999	-999
210	20	-999	-999	-999	-999
210	21	-999	-999	-999	-999
213	1	-999	-999	-999	-999
213	2	-999	-999	-999	-999
213	3	-999	-999	-999	-999
213	4	0.125833333333333	0	0	6
213	5	-999	-999	-999	-999
213	6	-999	-999	-999	-999
213	7	-999	-999	-999	-999
213	8	-999	-999	-999	-999
213	9	-999	-999	-999	-999
213	10	-999	-999	-999	-999
213	11	-999	-999	-999	-999
213	12	-999	-999	-999	-999
213	13	-999	-999	-999	-999
213	14	-999	-999	-999	-999
213	15	-999	-999	-999	-999
213	16	-999	-999	-999	-999
213	17	-999	-999	-999	-999
213	18	-999	-999	-999	-999
213	19	-999	-999	-999	-999
213	20	-999	-999	-999	-999
213	21	-999	-999	-999	-999
219	1	-999	-999	-999	-999
219	2	0.0708333333333333	0	0	6
219	3	-999	-999	-999	-999
219	4	-999	-999	-999	-999
219	5	-999	-999	-999	-999
219	6	-999	-999	-999	-999
219	7	0.0919444444444444	0	0	5
219	8	-999	-999	-999	-999
219	9	-999	-999	-999	-999
219	10	-999	-999	-999	-999
219	11	-999	-999	-999	-999
219	12	-999	-999	-999	-999
219	13	-999	-999	-999	-999
219	14	-999	-999	-999	-999
219	15	-999	-999	-999	-999
219	16	-999	-999	-999	-999
219	17	-999	-999	-999	-999
219	18	-999	-999	-999	-999
219	19	-999	-999	-999	-999
219	20	-999	-999	-999	-999
219	21	-999	-999	-999	-999
222	1	-999	-999	-999	-999
222	2	-999	-999	-999	-999
222	3	-999	-999	-999	-999
222	4	0.0166666666666667	0	0	7
222	5	-999	-999	-999	-999
222	6	-999	-999	-999	-999
222	7	-999	-999	-999	-999
222	8	-999	-999	-999	-999
222	9	-999	-999	-999	-999
222	10	0.612777777777778	0	0	7
222	11	-999	-999	-999	-999
222	12	0.48	0	0	7
222	13	0	0	0.482222222222222	6
222	14	0.426944444444444	0	0	6
222	15	-999	-999	-999	-999
222	16	-999	-999	-999	-999
222	17	0.015	0	0	7
222	18	-999	-999	-999	-999
222	19	0.0483333333333333	0	0	7
222	20	0.210833333333333	0	0	7
222	21	0.6275	0	0	3
223	1	0.468611111111111	0	0	7
223	2	0.103888888888889	0	0	7
223	3	-999	-999	-999	-999
223	4	-999	-999	-999	-999
223	5	-999	-999	-999	-999
223	6	-999	-999	-999	-999
223	7	-999	-999	-999	-999
223	8	-999	-999	-999	-999
223	9	-999	-999	-999	-999
223	10	-999	-999	-999	-999
223	11	-999	-999	-999	-999
223	12	-999	-999	-999	-999
223	13	-999	-999	-999	-999
223	14	-999	-999	-999	-999
223	15	-999	-999	-999	-999
223	16	-999	-999	-999	-999
223	17	-999	-999	-999	-999
223	18	-999	-999	-999	-999
223	19	-999	-999	-999	-999
223	20	-999	-999	-999	-999
223	21	-999	-999	-999	-999
225	1	-999	-999	-999	-999
225	2	0.0394444444444444	0	0	6
225	3	-999	-999	-999	-999
225	4	-999	-999	-999	-999
225	5	-999	-999	-999	-999
225	6	-999	-999	-999	-999
225	7	-999	-999	-999	-999
225	8	-999	-999	-999	-999
225	9	0.000833333333333333	0	0	6
225	10	-999	-999	-999	-999
225	11	0.00361111111111111	0	0	6
225	12	-999	-999	-999	-999
225	13	-999	-999	-999	-999
225	14	-999	-999	-999	-999
225	15	0.000833333333333333	0	0	6
225	16	-999	-999	-999	-999
225	17	-999	-999	-999	-999
225	18	-999	-999	-999	-999
225	19	0.00166666666666667	0	0	7
225	20	0	0.000555555555555556	0	5
225	21	0.00111111111111111	0.0280555555555556	0	6
227	1	2.645	0	0.328055555555556	6
227	2	0.895833333333333	0.000555555555555556	0.306666666666667	6
227	3	0.859722222222222	0.155555555555556	0.142222222222222	6
227	4	1.29333333333333	0.208888888888889	0.268055555555556	7
227	5	1.45388888888889	0.0769444444444444	0	7
227	6	3.10444444444444	0.37	0.381944444444444	7
227	7	-999	-999	-999	-999
227	8	-999	-999	-999	-999
227	9	-999	-999	-999	-999
227	10	-999	-999	-999	-999
227	11	-999	-999	-999	-999
227	12	-999	-999	-999	-999
227	13	-999	-999	-999	-999
227	14	-999	-999	-999	-999
227	15	-999	-999	-999	-999
227	16	-999	-999	-999	-999
227	17	-999	-999	-999	-999
227	18	-999	-999	-999	-999
227	19	-999	-999	-999	-999
227	20	-999	-999	-999	-999
227	21	-999	-999	-999	-999
231	1	0.0338888888888889	0	0	4
231	2	0.226388888888889	0	0	1
231	3	-999	-999	-999	-999
231	4	0.544166666666667	0	0	6
231	5	-999	-999	-999	-999
231	6	0.43	0	0	6
231	7	-999	-999	-999	-999
231	8	-999	-999	-999	-999
231	9	-999	-999	-999	-999
231	10	-999	-999	-999	-999
231	11	0.698055555555556	0	0	6
231	12	-999	-999	-999	-999
231	13	-999	-999	-999	-999
231	14	-999	-999	-999	-999
231	15	-999	-999	-999	-999
231	16	-999	-999	-999	-999
231	17	0.773888888888889	0	0	6
231	18	1.35361111111111	0	0	7
231	19	2.65	0	0	5
231	20	-999	-999	-999	-999
231	21	0.365555555555556	0	0	7
234	1	0.000277777777777778	0	0	5
234	2	0.0563888888888889	0	0	7
234	3	0.000555555555555556	0	0	6
234	4	0.000277777777777778	0	0	6
234	5	0.137777777777778	0	0	7
234	6	0.000555555555555556	0	0.000277777777777778	7
234	7	-999	-999	-999	-999
234	8	0.116944444444444	0	0	6
234	9	0.000277777777777778	0	0	7
234	10	0.552777777777778	0	0	7
234	11	0.000277777777777778	0	0	7
234	12	-999	-999	-999	-999
234	13	-999	-999	-999	-999
234	14	0.000277777777777778	0	0	6
234	15	0.570277777777778	0	0	6
234	16	1.65194444444444	0	0	6
234	17	0.626388888888889	0	0	6
234	18	1.20638888888889	0	0	6
234	19	0.253611111111111	0	0	6
234	20	-999	-999	-999	-999
234	21	-999	-999	-999	-999
235	1	0.680555555555556	0	0	3
235	2	0.838611111111111	0.0647222222222222	0	4
235	3	0.151944444444444	0	0	4
235	4	0.720555555555556	0	0	5
235	5	1.05972222222222	0	0	5
235	6	1.36638888888889	0	0	5
235	7	0.1125	0	0	5
235	8	-999	-999	-999	-999
235	9	-999	-999	-999	-999
235	10	-999	-999	-999	-999
235	11	0.772222222222222	0	0	5
235	12	-999	-999	-999	-999
235	13	1.765	0	0	5
235	14	0.0761111111111111	0	0	2
235	15	0.994444444444444	0.0369444444444444	0	5
235	16	0.436111111111111	0	0	5
235	17	-999	-999	-999	-999
235	18	-999	-999	-999	-999
235	19	-999	-999	-999	-999
235	20	-999	-999	-999	-999
235	21	0.361944444444444	0	0	5
237	1	-999	-999	-999	-999
237	2	-999	-999	-999	-999
237	3	0.0388888888888889	0	0	1
237	4	1.07555555555556	0	0	3
237	5	-999	-999	-999	-999
237	6	-999	-999	-999	-999
237	7	0.0888888888888889	0	0	4
237	8	-999	-999	-999	-999
237	9	0	0	0.000555555555555556	4
237	10	0.105833333333333	0	0	3
237	11	-999	-999	-999	-999
237	12	-999	-999	-999	-999
237	13	0.0680555555555555	0	0	4
237	14	-999	-999	-999	-999
237	15	-999	-999	-999	-999
237	16	-999	-999	-999	-999
237	17	-999	-999	-999	-999
237	18	0.109722222222222	0	0	4
237	19	-999	-999	-999	-999
237	20	-999	-999	-999	-999
237	21	-999	-999	-999	-999
245	1	-999	-999	-999	-999
245	2	-999	-999	-999	-999
245	3	-999	-999	-999	-999
245	4	-999	-999	-999	-999
245	5	-999	-999	-999	-999
245	6	-999	-999	-999	-999
245	7	-999	-999	-999	-999
245	8	-999	-999	-999	-999
245	9	-999	-999	-999	-999
245	10	-999	-999	-999	-999
245	11	-999	-999	-999	-999
245	12	-999	-999	-999	-999
245	13	-999	-999	-999	-999
245	14	0.0480555555555556	0	0	6
245	15	-999	-999	-999	-999
245	16	-999	-999	-999	-999
245	17	0.133611111111111	0	0	6
245	18	0.00166666666666667	0	0	6
245	19	0.0322222222222222	0	0	6
245	20	-999	-999	-999	-999
245	21	-999	-999	-999	-999
247	1	-999	-999	-999	-999
247	2	-999	-999	-999	-999
247	3	-999	-999	-999	-999
247	4	-999	-999	-999	-999
247	5	-999	-999	-999	-999
247	6	-999	-999	-999	-999
247	7	-999	-999	-999	-999
247	8	0.235555555555556	0	0	6
247	9	-999	-999	-999	-999
247	10	0.586944444444444	0	0	5
247	11	0.257777777777778	0	0	5
247	12	-999	-999	-999	-999
247	13	-999	-999	-999	-999
247	14	0.0244444444444444	0	0	6
247	15	-999	-999	-999	-999
247	16	-999	-999	-999	-999
247	17	-999	-999	-999	-999
247	18	-999	-999	-999	-999
247	19	-999	-999	-999	-999
247	20	-999	-999	-999	-999
247	21	-999	-999	-999	-999
249	1	-999	-999	-999	-999
249	2	-999	-999	-999	-999
249	3	-999	-999	-999	-999
249	4	-999	-999	-999	-999
249	5	-999	-999	-999	-999
249	6	-999	-999	-999	-999
249	7	0.121666666666667	0	0	6
249	8	-999	-999	-999	-999
249	9	-999	-999	-999	-999
249	10	-999	-999	-999	-999
249	11	-999	-999	-999	-999
249	12	-999	-999	-999	-999
249	13	-999	-999	-999	-999
249	14	-999	-999	-999	-999
249	15	-999	-999	-999	-999
249	16	0	0	0.0952777777777778	5
249	17	-999	-999	-999	-999
249	18	-999	-999	-999	-999
249	19	-999	-999	-999	-999
249	20	-999	-999	-999	-999
249	21	-999	-999	-999	-999
253	1	0.00111111111111111	0	0	4
253	2	0.0163888888888889	0	0	7
253	3	0.186388888888889	0	0	7
253	4	0.120277777777778	0	0	7
253	5	-999	-999	-999	-999
253	6	-999	-999	-999	-999
253	7	0.173055555555556	0	0	7
253	8	1.16555555555556	0	0	4
253	9	-999	-999	-999	-999
253	10	-999	-999	-999	-999
253	11	0.000277777777777778	0.331944444444444	0	7
253	12	-999	-999	-999	-999
253	13	-999	-999	-999	-999
253	14	-999	-999	-999	-999
253	15	-999	-999	-999	-999
253	16	0.241111111111111	0.0694444444444444	0	7
253	17	0.188888888888889	0.095	0	7
253	18	0.0708333333333333	0.223333333333333	0	7
253	19	-999	-999	-999	-999
253	20	-999	-999	-999	-999
253	21	0.218611111111111	0	0	7
256	1	-999	-999	-999	-999
256	2	0	0	0	5
256	3	-999	-999	-999	-999
256	4	0	0	0	6
256	5	0.108333333333333	0	0	6
256	6	0.0997222222222222	0.256666666666667	0.0616666666666667	6
256	7	-999	-999	-999	-999
256	8	-999	-999	-999	-999
256	9	0.134722222222222	0	0	5
256	10	-999	-999	-999	-999
256	11	0.0330555555555556	0	0	5
256	12	0.0788888888888889	0	0	6
256	13	0.0780555555555556	0	0	5
256	14	0.0383333333333333	0	0	5
256	15	-999	-999	-999	-999
256	16	0.325555555555556	0	0	5
256	17	-999	-999	-999	-999
256	18	-999	-999	-999	-999
256	19	-999	-999	-999	-999
256	20	-999	-999	-999	-999
256	21	-999	-999	-999	-999
257	1	-999	-999	-999	-999
257	2	-999	-999	-999	-999
257	3	0.468055555555556	0	0	4
257	4	0.0741666666666667	0	0	4
257	5	-999	-999	-999	-999
257	6	0.0397222222222222	0	0	5
257	7	0.345	0	0	4
257	8	0.111944444444444	0	0	4
257	9	-999	-999	-999	-999
257	10	-999	-999	-999	-999
257	11	-999	-999	-999	-999
257	12	-999	-999	-999	-999
257	13	0.483888888888889	0	0	7
257	14	0.00305555555555556	0	0	6
257	15	0.359444444444444	0	0	4
257	16	-999	-999	-999	-999
257	17	-999	-999	-999	-999
257	18	0	0.0827777777777778	0	5
257	19	-999	-999	-999	-999
257	20	-999	-999	-999	-999
257	21	-999	-999	-999	-999
258	1	5.75833333333333	0.220277777777778	3.43888888888889	4
258	2	8.9975	0.911388888888889	1.42333333333333	4
258	3	-999	-999	-999	-999
258	4	9.42777777777778	0	2.77833333333333	4
258	5	7.04222222222222	0	0.310833333333333	4
258	6	7.65388888888889	1	3.84888888888889	4
258	7	8.75944444444445	1	0.7075	4
258	8	1.105	0.0516666666666667	0.890555555555556	4
258	9	-999	-999	-999	-999
258	10	8.11666666666667	0	1.97972222222222	4
258	11	10.4311111111111	0.207222222222222	0.205555555555556	4
258	12	-999	-999	-999	-999
258	13	6.59	0.9025	4.44166666666667	4
258	14	-999	-999	-999	-999
258	15	-999	-999	-999	-999
258	16	5.88444444444444	0.07	2.62833333333333	4
258	17	9.02861111111111	0.693888888888889	3.26972222222222	4
258	18	-999	-999	-999	-999
258	19	-999	-999	-999	-999
258	20	1.93472222222222	0.00222222222222222	1.95055555555556	4
258	21	2.69916666666667	0.0797222222222222	0	4
259	1	0.8925	0	0	6
259	2	1.30611111111111	0	0	6
259	3	-999	-999	-999	-999
259	4	-999	-999	-999	-999
259	5	-999	-999	-999	-999
259	6	2.34111111111111	0.0380555555555556	0	7
259	7	1.27055555555556	0	0	6
259	8	2.90861111111111	0	0	7
259	9	1.58638888888889	0	0	7
259	10	1.53361111111111	0.202222222222222	0	7
259	11	2.16166666666667	0.300833333333333	0	7
259	12	2.76027777777778	1	0.0836111111111111	7
259	13	0.451666666666667	0.104722222222222	0	7
259	14	0.708055555555556	0	0	5
259	15	-999	-999	-999	-999
259	16	1.46277777777778	0.0594444444444444	0	7
259	17	1.76805555555556	0.304444444444444	0	6
259	18	3.52416666666667	0.133333333333333	0	6
259	19	-999	-999	-999	-999
259	20	-999	-999	-999	-999
259	21	-999	-999	-999	-999
261	1	0.162222222222222	0	0	6
261	2	-999	-999	-999	-999
261	3	-999	-999	-999	-999
261	4	0.171111111111111	0	0.3	7
261	5	-999	-999	-999	-999
261	6	-999	-999	-999	-999
261	7	-999	-999	-999	-999
261	8	-999	-999	-999	-999
261	9	-999	-999	-999	-999
261	10	4.75805555555556	0.563055555555556	0	7
261	11	-999	-999	-999	-999
261	12	-999	-999	-999	-999
261	13	-999	-999	-999	-999
261	14	-999	-999	-999	-999
261	15	-999	-999	-999	-999
261	16	-999	-999	-999	-999
261	17	-999	-999	-999	-999
261	18	-999	-999	-999	-999
261	19	-999	-999	-999	-999
261	20	-999	-999	-999	-999
261	21	-999	-999	-999	-999
265	1	-999	-999	-999	-999
265	2	0.861111111111111	0	0	6
265	3	-999	-999	-999	-999
265	4	-999	-999	-999	-999
265	5	-999	-999	-999	-999
265	6	-999	-999	-999	-999
265	7	-999	-999	-999	-999
265	8	-999	-999	-999	-999
265	9	-999	-999	-999	-999
265	10	0.461111111111111	0	0.502222222222222	5
265	11	0.595833333333333	0	0	5
265	12	-999	-999	-999	-999
265	13	-999	-999	-999	-999
265	14	-999	-999	-999	-999
265	15	-999	-999	-999	-999
265	16	-999	-999	-999	-999
265	17	-999	-999	-999	-999
265	18	-999	-999	-999	-999
265	19	-999	-999	-999	-999
265	20	-999	-999	-999	-999
265	21	-999	-999	-999	-999
270	1	-999	-999	-999	-999
270	2	-999	-999	-999	-999
270	3	-999	-999	-999	-999
270	4	-999	-999	-999	-999
270	5	-999	-999	-999	-999
270	6	0	0.251666666666667	0	7
270	7	-999	-999	-999	-999
270	8	-999	-999	-999	-999
270	9	-999	-999	-999	-999
270	10	-999	-999	-999	-999
270	11	-999	-999	-999	-999
270	12	-999	-999	-999	-999
270	13	-999	-999	-999	-999
270	14	-999	-999	-999	-999
270	15	-999	-999	-999	-999
270	16	-999	-999	-999	-999
270	17	-999	-999	-999	-999
270	18	0.000277777777777778	0	0	7
270	19	-999	-999	-999	-999
270	20	-999	-999	-999	-999
270	21	-999	-999	-999	-999
271	1	-999	-999	-999	-999
271	2	-999	-999	-999	-999
271	3	-999	-999	-999	-999
271	4	5.43138888888889	0.559444444444445	1.63694444444444	5
271	5	9.66055555555556	0.165277777777778	0	5
271	6	-999	-999	-999	-999
271	7	2.0375	0	0.301111111111111	5
271	8	2.91305555555556	0	0	7
271	9	4.75638888888889	0	0.179444444444444	5
271	10	2.10277777777778	0.00944444444444444	0.255833333333333	5
271	11	6.80305555555556	0	0	5
271	12	-999	-999	-999	-999
271	13	2.95944444444444	0	0	1
271	14	1.06861111111111	0	0	5
271	15	2.62361111111111	0	0	1
271	16	1.88472222222222	0	0	5
271	17	-999	-999	-999	-999
271	18	6.28194444444444	0	0	5
271	19	-999	-999	-999	-999
271	20	-999	-999	-999	-999
271	21	4.34083333333333	0	0	3
279	1	-999	-999	-999	-999
279	2	-999	-999	-999	-999
279	3	-999	-999	-999	-999
279	4	-999	-999	-999	-999
279	5	0.141388888888889	0	0	4
279	6	0.155277777777778	0	0	5
279	7	-999	-999	-999	-999
279	8	-999	-999	-999	-999
279	9	0.307222222222222	0	0	5
279	10	-999	-999	-999	-999
279	11	-999	-999	-999	-999
279	12	0.107777777777778	0	0	5
279	13	-999	-999	-999	-999
279	14	0.219444444444444	0	0	5
279	15	-999	-999	-999	-999
279	16	-999	-999	-999	-999
279	17	1.44027777777778	0	0	5
279	18	0.166111111111111	0	0	4
279	19	-999	-999	-999	-999
279	20	0.0452777777777778	0	0	6
279	21	-999	-999	-999	-999
281	1	1.28972222222222	0	0	7
281	2	0.104166666666667	0	0	7
281	3	0.0122222222222222	0	0	4
281	4	0.271388888888889	0	0	6
281	5	-999	-999	-999	-999
281	6	-999	-999	-999	-999
281	7	-999	-999	-999	-999
281	8	-999	-999	-999	-999
281	9	0.123055555555556	0	0	7
281	10	-999	-999	-999	-999
281	11	-999	-999	-999	-999
281	12	-999	-999	-999	-999
281	13	-999	-999	-999	-999
281	14	-999	-999	-999	-999
281	15	0.0186111111111111	0	0	7
281	16	-999	-999	-999	-999
281	17	-999	-999	-999	-999
281	18	-999	-999	-999	-999
281	19	-999	-999	-999	-999
281	20	-999	-999	-999	-999
281	21	-999	-999	-999	-999
283	1	-999	-999	-999	-999
283	2	-999	-999	-999	-999
283	3	-999	-999	-999	-999
283	4	-999	-999	-999	-999
283	5	0.287777777777778	0	0	6
283	6	1.10444444444444	0	0.0138888888888889	4
283	7	-999	-999	-999	-999
283	8	0.626944444444444	0.0233333333333333	0	4
283	9	-999	-999	-999	-999
283	10	-999	-999	-999	-999
283	11	-999	-999	-999	-999
283	12	0.0966666666666667	0	0	5
283	13	0.0238888888888889	0	0	5
283	14	0.0541666666666667	0	0	4
283	15	-999	-999	-999	-999
283	16	0.120833333333333	0	0	5
283	17	-999	-999	-999	-999
283	18	-999	-999	-999	-999
283	19	-999	-999	-999	-999
283	20	-999	-999	-999	-999
283	21	-999	-999	-999	-999
287	1	-999	-999	-999	-999
287	2	-999	-999	-999	-999
287	3	-999	-999	-999	-999
287	4	-999	-999	-999	-999
287	5	0.146388888888889	0	0	4
287	6	-999	-999	-999	-999
287	7	-999	-999	-999	-999
287	8	-999	-999	-999	-999
287	9	-999	-999	-999	-999
287	10	0.659166666666667	0.503611111111111	0	4
287	11	-999	-999	-999	-999
287	12	-999	-999	-999	-999
287	13	-999	-999	-999	-999
287	14	-999	-999	-999	-999
287	15	-999	-999	-999	-999
287	16	-999	-999	-999	-999
287	17	0.0452777777777778	0	0.619166666666667	6
287	18	0	0	0.377777777777778	4
287	19	-999	-999	-999	-999
287	20	-999	-999	-999	-999
287	21	-999	-999	-999	-999
288	1	1.64611111111111	0	0	7
288	2	0.983611111111111	0	0	7
288	3	0.978888888888889	0.303611111111111	0.0788888888888889	4
288	4	1.27361111111111	0.471666666666667	0.304444444444444	7
288	5	3.2025	0	0	7
288	6	1.24833333333333	0	0	7
288	7	0.881388888888889	0	0	7
288	8	1.04972222222222	0	0	7
288	9	1.49083333333333	0.753888888888889	0.00555555555555555	7
288	10	3.45166666666667	0.0338888888888889	0	7
288	11	1.84027777777778	0	0	7
288	12	2.4225	0.354166666666667	0	7
288	13	3.13472222222222	0	0	7
288	14	0.761111111111111	0	0	7
288	15	2.90805555555556	0.367222222222222	0	7
288	16	2.01444444444444	0	0	7
288	17	2.18333333333333	0	0	7
288	18	1.24416666666667	0	0	7
288	19	1.07527777777778	0	0	7
288	20	-999	-999	-999	-999
288	21	1.01472222222222	0	0	7
290	1	0.732777777777778	0	0	5
290	2	-999	-999	-999	-999
290	3	1.64888888888889	0	0.198333333333333	6
290	4	0.0219444444444444	0	0	6
290	5	-999	-999	-999	-999
290	6	-999	-999	-999	-999
290	7	-999	-999	-999	-999
290	8	-999	-999	-999	-999
290	9	-999	-999	-999	-999
290	10	-999	-999	-999	-999
290	11	-999	-999	-999	-999
290	12	-999	-999	-999	-999
290	13	-999	-999	-999	-999
290	14	-999	-999	-999	-999
290	15	-999	-999	-999	-999
290	16	0.214722222222222	0	0	6
290	17	-999	-999	-999	-999
290	18	-999	-999	-999	-999
290	19	-999	-999	-999	-999
290	20	-999	-999	-999	-999
290	21	-999	-999	-999	-999
292	1	-999	-999	-999	-999
292	2	-999	-999	-999	-999
292	3	0.1425	0	0	7
292	4	-999	-999	-999	-999
292	5	-999	-999	-999	-999
292	6	-999	-999	-999	-999
292	7	-999	-999	-999	-999
292	8	0.261388888888889	0	0	4
292	9	-999	-999	-999	-999
292	10	0.0122222222222222	0	0	4
292	11	-999	-999	-999	-999
292	12	-999	-999	-999	-999
292	13	-999	-999	-999	-999
292	14	-999	-999	-999	-999
292	15	-999	-999	-999	-999
292	16	-999	-999	-999	-999
292	17	-999	-999	-999	-999
292	18	-999	-999	-999	-999
292	19	-999	-999	-999	-999
292	20	0.101388888888889	0	0	4
292	21	-999	-999	-999	-999
293	1	-999	-999	-999	-999
293	2	-999	-999	-999	-999
293	3	0.64	0.472777777777778	0	5
293	4	1.5175	0.00138888888888889	0	6
293	5	-999	-999	-999	-999
293	6	1.26861111111111	0	0	6
293	7	-999	-999	-999	-999
293	8	1.18722222222222	0.201388888888889	0	5
293	9	0.820833333333333	0.523888888888889	0	6
293	10	1.42361111111111	0.0663888888888889	0	6
293	11	1.09638888888889	0.417222222222222	0	6
293	12	-999	-999	-999	-999
293	13	0.930277777777778	0.155277777777778	0	6
293	14	-999	-999	-999	-999
293	15	1.54472222222222	0.102222222222222	0	6
293	16	1.24861111111111	0.591666666666667	0	6
293	17	1.05444444444444	0.219722222222222	0	6
293	18	0.876388888888889	0.0680555555555555	0	6
293	19	-999	-999	-999	-999
293	20	0.600555555555556	0.0538888888888889	0	6
293	21	0.908055555555556	0.0702777777777778	0	6
294	1	-999	-999	-999	-999
294	2	-999	-999	-999	-999
294	3	-999	-999	-999	-999
294	4	-999	-999	-999	-999
294	5	-999	-999	-999	-999
294	6	-999	-999	-999	-999
294	7	-999	-999	-999	-999
294	8	-999	-999	-999	-999
294	9	-999	-999	-999	-999
294	10	-999	-999	-999	-999
294	11	0.276111111111111	0	0	6
294	12	-999	-999	-999	-999
294	13	-999	-999	-999	-999
294	14	-999	-999	-999	-999
294	15	-999	-999	-999	-999
294	16	-999	-999	-999	-999
294	17	-999	-999	-999	-999
294	18	-999	-999	-999	-999
294	19	-999	-999	-999	-999
294	20	-999	-999	-999	-999
294	21	-999	-999	-999	-999
300	1	0	0	0.00583333333333333	7
300	2	1.05916666666667	0	0	7
300	3	-999	-999	-999	-999
300	4	1.01694444444444	0	0	7
300	5	-999	-999	-999	-999
300	6	-999	-999	-999	-999
300	7	0.922222222222222	0.00166666666666667	0	7
300	8	-999	-999	-999	-999
300	9	1.34583333333333	0	0	7
300	10	0.933333333333333	0	0	7
300	11	1.33666666666667	0	0	7
300	12	-999	-999	-999	-999
300	13	-999	-999	-999	-999
300	14	0.316944444444444	0	0	5
300	15	-999	-999	-999	-999
300	16	1.72277777777778	0.0497222222222222	0	4
300	17	1.26472222222222	0.132222222222222	0	7
300	18	0.930555555555556	0.07	0	7
300	19	-999	-999	-999	-999
300	20	-999	-999	-999	-999
300	21	-999	-999	-999	-999
304	1	-999	-999	-999	-999
304	2	-999	-999	-999	-999
304	3	-999	-999	-999	-999
304	4	-999	-999	-999	-999
304	5	0.0283333333333333	0	0	7
304	6	-999	-999	-999	-999
304	7	-999	-999	-999	-999
304	8	-999	-999	-999	-999
304	9	-999	-999	-999	-999
304	10	-999	-999	-999	-999
304	11	-999	-999	-999	-999
304	12	-999	-999	-999	-999
304	13	-999	-999	-999	-999
304	14	-999	-999	-999	-999
304	15	-999	-999	-999	-999
304	16	2.78666666666667	0	0.267777777777778	1
304	17	3.39722222222222	0.0291666666666667	0	7
304	18	0.461388888888889	0	0	7
304	19	-999	-999	-999	-999
304	20	-999	-999	-999	-999
304	21	-999	-999	-999	-999
307	1	-999	-999	-999	-999
307	2	0	0.237222222222222	0.170277777777778	7
307	3	1.35805555555556	0	0	5
307	4	0.771111111111111	0	0	6
307	5	0.423888888888889	0	0	5
307	6	-999	-999	-999	-999
307	7	1.10083333333333	0	0	7
307	8	0.259166666666667	0	0	5
307	9	1.66333333333333	0.241111111111111	0	5
307	10	2.98888888888889	0	0	5
307	11	1.18888888888889	0	0	6
307	12	-999	-999	-999	-999
307	13	0.379166666666667	0	0	7
307	14	0.264722222222222	0.0444444444444444	0.0422222222222222	5
307	15	-999	-999	-999	-999
307	16	1.41944444444444	0	0	6
307	17	0.486388888888889	0.0752777777777778	0.0983333333333333	5
307	18	0.435833333333333	0	0.0025	7
307	19	-999	-999	-999	-999
307	20	0.299166666666667	0	0	5
307	21	-999	-999	-999	-999
308	1	0.0422222222222222	0	0	7
308	2	0.200555555555556	0	0	7
308	3	-999	-999	-999	-999
308	4	0.123611111111111	0	0	7
308	5	-999	-999	-999	-999
308	6	-999	-999	-999	-999
308	7	-999	-999	-999	-999
308	8	-999	-999	-999	-999
308	9	0.0597222222222222	0	0	7
308	10	-999	-999	-999	-999
308	11	-999	-999	-999	-999
308	12	-999	-999	-999	-999
308	13	0.115	0	0	7
308	14	-999	-999	-999	-999
308	15	-999	-999	-999	-999
308	16	-999	-999	-999	-999
308	17	0.353333333333333	0	0	7
308	18	0.123888888888889	0	0	7
308	19	-999	-999	-999	-999
308	20	-999	-999	-999	-999
308	21	-999	-999	-999	-999
312	1	-999	-999	-999	-999
312	2	1.29888888888889	0	0	7
312	3	0.0375	0	0	5
312	4	-999	-999	-999	-999
312	5	0.0283333333333333	0	0	7
312	6	-999	-999	-999	-999
312	7	0.00583333333333333	0	0	7
312	8	0.9575	0	0	6
312	9	0.101388888888889	0	0.0236111111111111	7
312	10	0.0627777777777778	0	0	6
312	11	0.702777777777778	0	0	5
312	12	0.203888888888889	0	0	6
312	13	-999	-999	-999	-999
312	14	0.0838888888888889	0	0	5
312	15	0.488888888888889	0.328333333333333	0.201944444444444	5
312	16	6.34166666666667	0.191944444444444	1.04555555555556	7
312	17	0.599166666666667	0	0	5
312	18	3.66777777777778	1	0.423888888888889	5
312	19	-999	-999	-999	-999
312	20	-999	-999	-999	-999
312	21	3.05361111111111	0.149444444444444	0.216388888888889	5
315	1	-999	-999	-999	-999
315	2	0.713055555555556	0	0.347222222222222	7
315	3	0.896944444444445	0	0.170277777777778	7
315	4	3.91527777777778	0	0	7
315	5	0.84	0	0.0291666666666667	7
315	6	0.414722222222222	0	0	7
315	7	-999	-999	-999	-999
315	8	0.233611111111111	0	0	7
315	9	1.22194444444444	0	0	7
315	10	2.29361111111111	0	0	7
315	11	3.12472222222222	0	0	4
315	12	1.69722222222222	0	0	7
315	13	0.724722222222222	0	0	7
315	14	0.119166666666667	0	0	7
315	15	1.67388888888889	0	0.231944444444444	7
315	16	-999	-999	-999	-999
315	17	2.1075	0.000555555555555556	0	7
315	18	1.99083333333333	0	0	7
315	19	-999	-999	-999	-999
315	20	-999	-999	-999	-999
315	21	-999	-999	-999	-999
317	1	-999	-999	-999	-999
317	2	-999	-999	-999	-999
317	3	0.205833333333333	0	0	7
317	4	-999	-999	-999	-999
317	5	-999	-999	-999	-999
317	6	-999	-999	-999	-999
317	7	-999	-999	-999	-999
317	8	0.0475	0	0.0461111111111111	7
317	9	-999	-999	-999	-999
317	10	-999	-999	-999	-999
317	11	-999	-999	-999	-999
317	12	0.230277777777778	0	0	4
317	13	-999	-999	-999	-999
317	14	-999	-999	-999	-999
317	15	-999	-999	-999	-999
317	16	-999	-999	-999	-999
317	17	3.15916666666667	0.336666666666667	0	7
317	18	-999	-999	-999	-999
317	19	-999	-999	-999	-999
317	20	0.00166666666666667	0.0483333333333333	0	7
317	21	-999	-999	-999	-999
319	1	0	0	0.0222222222222222	6
319	2	1.06611111111111	0	0	4
319	3	3.83111111111111	0	0	4
319	4	0.463611111111111	0	0	4
319	5	0.893333333333333	0.516666666666667	0	4
319	6	2.03222222222222	0	0	4
319	7	1.60833333333333	0	0	4
319	8	2.15527777777778	0	0.630277777777778	4
319	9	3.69694444444444	0	0	4
319	10	-999	-999	-999	-999
319	11	0.836666666666667	0	0	4
319	12	-999	-999	-999	-999
319	13	0.982777777777778	0	0	4
319	14	1.01305555555556	0	0	4
319	15	0.401666666666667	0	0.0297222222222222	5
319	16	0.304722222222222	0	0.0575	4
319	17	-999	-999	-999	-999
319	18	0.0136111111111111	0	0	4
319	19	-999	-999	-999	-999
319	20	0.205	0	0	4
319	21	-999	-999	-999	-999
320	1	0.359444444444444	0.101111111111111	0	5
320	2	0.629166666666667	0	0	6
320	3	-999	-999	-999	-999
320	4	-999	-999	-999	-999
320	5	0.386944444444444	0.111111111111111	0	6
320	6	-999	-999	-999	-999
320	7	1.54916666666667	0	0	6
320	8	-999	-999	-999	-999
320	9	-999	-999	-999	-999
320	10	0.452222222222222	0	0	6
320	11	-999	-999	-999	-999
320	12	0.626388888888889	0	0	6
320	13	-999	-999	-999	-999
320	14	-999	-999	-999	-999
320	15	0.593611111111111	0	0	6
320	16	0.337222222222222	0.000833333333333333	0	6
320	17	-999	-999	-999	-999
320	18	0.423611111111111	0	0	6
320	19	-999	-999	-999	-999
320	20	0.579722222222222	0	0	6
320	21	-999	-999	-999	-999
322	1	0.0144444444444444	0	0	6
322	2	0.00638888888888889	0	0	3
322	3	1.70555555555556	0	0	6
322	4	0.135833333333333	0	0	6
322	5	-999	-999	-999	-999
322	6	-999	-999	-999	-999
322	7	-999	-999	-999	-999
322	8	-999	-999	-999	-999
322	9	-999	-999	-999	-999
322	10	0.551944444444444	0	0	5
322	11	0.152777777777778	0	0	5
322	12	-999	-999	-999	-999
322	13	-999	-999	-999	-999
322	14	0.406111111111111	0	0	6
322	15	-999	-999	-999	-999
322	16	-999	-999	-999	-999
322	17	0.0130555555555556	0	0.000833333333333333	5
322	18	0.00694444444444444	0	0	3
322	19	0.633055555555556	0	0	3
322	20	-999	-999	-999	-999
322	21	-999	-999	-999	-999
330	1	-999	-999	-999	-999
330	2	-999	-999	-999	-999
330	3	0.330555555555556	0	0	4
330	4	1.12194444444444	0	0	4
330	5	0.916111111111111	0	0	3
330	6	-999	-999	-999	-999
330	7	0.520555555555556	0	0	4
330	8	-999	-999	-999	-999
330	9	-999	-999	-999	-999
330	10	0.330277777777778	0	0	4
330	11	0.305	0	0	4
330	12	-999	-999	-999	-999
330	13	0.208333333333333	0	0	4
330	14	-999	-999	-999	-999
330	15	-999	-999	-999	-999
330	16	0.0286111111111111	0	0	4
330	17	-999	-999	-999	-999
330	18	-999	-999	-999	-999
330	19	-999	-999	-999	-999
330	20	-999	-999	-999	-999
330	21	-999	-999	-999	-999
332	1	1.02527777777778	0	0	5
332	2	0.660833333333333	0.127222222222222	0	6
332	3	1.89166666666667	0	0.123333333333333	6
332	4	0.600833333333333	0.0486111111111111	0	4
332	5	-999	-999	-999	-999
332	6	2.25472222222222	0	0	5
332	7	0.706388888888889	0	0.196111111111111	6
332	8	1.08	0.224722222222222	0	5
332	9	0.905277777777778	0	0	6
332	10	0.650277777777778	0.0122222222222222	0	6
332	11	0.469166666666667	0.0561111111111111	0	7
332	12	-999	-999	-999	-999
332	13	2.25916666666667	0.269444444444444	0.0147222222222222	7
332	14	0.962222222222222	0.0152777777777778	0	7
332	15	2.06222222222222	0.138611111111111	0	6
332	16	-999	-999	-999	-999
332	17	-999	-999	-999	-999
332	18	-999	-999	-999	-999
332	19	-999	-999	-999	-999
332	20	-999	-999	-999	-999
332	21	-999	-999	-999	-999
333	1	-999	-999	-999	-999
333	2	-999	-999	-999	-999
333	3	-999	-999	-999	-999
333	4	-999	-999	-999	-999
333	5	-999	-999	-999	-999
333	6	-999	-999	-999	-999
333	7	-999	-999	-999	-999
333	8	2.81944444444444	0	0	7
333	9	-999	-999	-999	-999
333	10	-999	-999	-999	-999
333	11	-999	-999	-999	-999
333	12	-999	-999	-999	-999
333	13	-999	-999	-999	-999
333	14	-999	-999	-999	-999
333	15	-999	-999	-999	-999
333	16	-999	-999	-999	-999
333	17	-999	-999	-999	-999
333	18	-999	-999	-999	-999
333	19	-999	-999	-999	-999
333	20	-999	-999	-999	-999
333	21	-999	-999	-999	-999
334	1	3.68194444444444	0	0	7
334	2	-999	-999	-999	-999
334	3	-999	-999	-999	-999
334	4	-999	-999	-999	-999
334	5	2.24055555555556	0	0	5
334	6	-999	-999	-999	-999
334	7	2.03111111111111	0	0	5
334	8	-999	-999	-999	-999
334	9	3.9575	0	0	3
334	10	-999	-999	-999	-999
334	11	-999	-999	-999	-999
334	12	-999	-999	-999	-999
334	13	6.41638888888889	0.139444444444444	0	4
334	14	0.755833333333333	0	0	6
334	15	-999	-999	-999	-999
334	16	-999	-999	-999	-999
334	17	-999	-999	-999	-999
334	18	-999	-999	-999	-999
334	19	-999	-999	-999	-999
334	20	-999	-999	-999	-999
334	21	-999	-999	-999	-999
337	1	-999	-999	-999	-999
337	2	0.149444444444444	0	0	6
337	3	-999	-999	-999	-999
337	4	0.150277777777778	0	0	6
337	5	-999	-999	-999	-999
337	6	0.0983333333333333	0.05	0	6
337	7	0.360277777777778	0	0	6
337	8	0.0844444444444444	0.162222222222222	0	6
337	9	0.000555555555555556	0	0	6
337	10	0.205555555555556	0	0	6
337	11	-999	-999	-999	-999
337	12	-999	-999	-999	-999
337	13	0.178333333333333	0	0	6
337	14	0	0.000833333333333333	0	4
337	15	-999	-999	-999	-999
337	16	-999	-999	-999	-999
337	17	-999	-999	-999	-999
337	18	0.161944444444444	0	0	6
337	19	-999	-999	-999	-999
337	20	-999	-999	-999	-999
337	21	0.0480555555555556	0	0	6
341	1	-999	-999	-999	-999
341	2	-999	-999	-999	-999
341	3	-999	-999	-999	-999
341	4	-999	-999	-999	-999
341	5	-999	-999	-999	-999
341	6	-999	-999	-999	-999
341	7	-999	-999	-999	-999
341	8	-999	-999	-999	-999
341	9	-999	-999	-999	-999
341	10	-999	-999	-999	-999
341	11	0.0105555555555556	0	0	4
341	12	-999	-999	-999	-999
341	13	-999	-999	-999	-999
341	14	0.0497222222222222	0	0	4
341	15	-999	-999	-999	-999
341	16	-999	-999	-999	-999
341	17	-999	-999	-999	-999
341	18	0.109166666666667	0	0	4
341	19	0	0	0.0325	4
341	20	0.241944444444444	0	0	4
341	21	-999	-999	-999	-999
342	1	0.841111111111111	0	0	7
342	2	0.4475	0.148055555555556	1.22444444444444	1
342	3	1.39222222222222	0.23	0	7
342	4	1.05888888888889	0	0	7
342	5	-999	-999	-999	-999
342	6	-999	-999	-999	-999
342	7	-999	-999	-999	-999
342	8	-999	-999	-999	-999
342	9	-999	-999	-999	-999
342	10	-999	-999	-999	-999
342	11	-999	-999	-999	-999
342	12	-999	-999	-999	-999
342	13	-999	-999	-999	-999
342	14	-999	-999	-999	-999
342	15	-999	-999	-999	-999
342	16	-999	-999	-999	-999
342	17	-999	-999	-999	-999
342	18	-999	-999	-999	-999
342	19	-999	-999	-999	-999
342	20	-999	-999	-999	-999
342	21	-999	-999	-999	-999
347	1	-999	-999	-999	-999
347	2	-999	-999	-999	-999
347	3	-999	-999	-999	-999
347	4	-999	-999	-999	-999
347	5	-999	-999	-999	-999
347	6	0.00527777777777778	0	0	7
347	7	-999	-999	-999	-999
347	8	-999	-999	-999	-999
347	9	-999	-999	-999	-999
347	10	-999	-999	-999	-999
347	11	0.00333333333333333	0	0	7
347	12	-999	-999	-999	-999
347	13	-999	-999	-999	-999
347	14	-999	-999	-999	-999
347	15	-999	-999	-999	-999
347	16	-999	-999	-999	-999
347	17	-999	-999	-999	-999
347	18	-999	-999	-999	-999
347	19	-999	-999	-999	-999
347	20	-999	-999	-999	-999
347	21	-999	-999	-999	-999
351	1	-999	-999	-999	-999
351	2	-999	-999	-999	-999
351	3	0.197222222222222	0	0	4
351	4	-999	-999	-999	-999
351	5	-999	-999	-999	-999
351	6	0.0172222222222222	0	0	4
351	7	-999	-999	-999	-999
351	8	-999	-999	-999	-999
351	9	-999	-999	-999	-999
351	10	0.0536111111111111	0.00472222222222222	0	4
351	11	-999	-999	-999	-999
351	12	-999	-999	-999	-999
351	13	-999	-999	-999	-999
351	14	0.07	0	0	4
351	15	-999	-999	-999	-999
351	16	-999	-999	-999	-999
351	17	0.0805555555555555	0.0552777777777778	0	4
351	18	-999	-999	-999	-999
351	19	-999	-999	-999	-999
351	20	-999	-999	-999	-999
351	21	-999	-999	-999	-999
352	1	-999	-999	-999	-999
352	2	-999	-999	-999	-999
352	3	-999	-999	-999	-999
352	4	0.0413888888888889	0	0	5
352	5	-999	-999	-999	-999
352	6	-999	-999	-999	-999
352	7	0.278055555555556	0.0025	0	5
352	8	-999	-999	-999	-999
352	9	-999	-999	-999	-999
352	10	-999	-999	-999	-999
352	11	0.798055555555556	0	0.00138888888888889	5
352	12	0	0	0.000833333333333333	5
352	13	-999	-999	-999	-999
352	14	0.0675	0	0	5
352	15	0.343888888888889	0	0.516944444444444	5
352	16	0.00944444444444444	0.000833333333333333	0.00194444444444444	5
352	17	0.153333333333333	0	0	5
352	18	-999	-999	-999	-999
352	19	-999	-999	-999	-999
352	20	-999	-999	-999	-999
352	21	0.149166666666667	0	0	4
360	1	-999	-999	-999	-999
360	2	2.12333333333333	0.380555555555556	0.185	4
360	3	5.23055555555556	0	0.0555555555555556	5
360	4	2.20472222222222	0.0725	1.33194444444444	5
360	5	-999	-999	-999	-999
360	6	1.31833333333333	0	0	7
360	7	2.40111111111111	0	0	6
360	8	0.18	0	0.120277777777778	5
360	9	1.11138888888889	0	0	6
360	10	0.867222222222222	0.0575	0	5
360	11	0.0658333333333333	0	0	6
360	12	-999	-999	-999	-999
360	13	1.33722222222222	0	0.916388888888889	6
360	14	-999	-999	-999	-999
360	15	-999	-999	-999	-999
360	16	-999	-999	-999	-999
360	17	-999	-999	-999	-999
360	18	0.154444444444444	0	0	6
360	19	-999	-999	-999	-999
360	20	-999	-999	-999	-999
360	21	-999	-999	-999	-999
362	1	0.233611111111111	0.0916666666666667	0	6
362	2	-999	-999	-999	-999
362	3	-999	-999	-999	-999
362	4	-999	-999	-999	-999
362	5	-999	-999	-999	-999
362	6	0.963333333333333	0	0	7
362	7	0.893888888888889	0	0	7
362	8	0.387777777777778	0	0	7
362	9	-999	-999	-999	-999
362	10	1.06861111111111	0	0	7
362	11	-999	-999	-999	-999
362	12	-999	-999	-999	-999
362	13	1.53083333333333	0.0127777777777778	0	5
362	14	0.130833333333333	0	0	7
362	15	0.738333333333333	0.0733333333333333	0	7
362	16	-999	-999	-999	-999
362	17	-999	-999	-999	-999
362	18	0.539722222222222	0	0.0916666666666667	4
362	19	0.408333333333333	0	0	6
362	20	0.253611111111111	0	0	6
362	21	0.455833333333333	0.151666666666667	0	4
363	1	1.21416666666667	0	0	6
363	2	-999	-999	-999	-999
363	3	0.929166666666667	0	0.276666666666667	5
363	4	-999	-999	-999	-999
363	5	-999	-999	-999	-999
363	6	-999	-999	-999	-999
363	7	-999	-999	-999	-999
363	8	-999	-999	-999	-999
363	9	-999	-999	-999	-999
363	10	-999	-999	-999	-999
363	11	-999	-999	-999	-999
363	12	-999	-999	-999	-999
363	13	-999	-999	-999	-999
363	14	-999	-999	-999	-999
363	15	-999	-999	-999	-999
363	16	-999	-999	-999	-999
363	17	-999	-999	-999	-999
363	18	1.35166666666667	0	0.185277777777778	4
363	19	-999	-999	-999	-999
363	20	-999	-999	-999	-999
363	21	-999	-999	-999	-999
364	1	0.865555555555556	0.288611111111111	0	6
364	2	0.6225	0	0.175277777777778	6
364	3	2.91027777777778	0	0.103611111111111	6
364	4	-999	-999	-999	-999
364	5	-999	-999	-999	-999
364	6	-999	-999	-999	-999
364	7	1.53416666666667	0	0.0255555555555556	4
364	8	1.00388888888889	0.0602777777777778	0	4
364	9	1.23972222222222	0.698055555555556	0	4
364	10	1.35166666666667	0.378888888888889	0.0952777777777778	5
364	11	-999	-999	-999	-999
364	12	-999	-999	-999	-999
364	13	-999	-999	-999	-999
364	14	0.319444444444444	0	0	4
364	15	-999	-999	-999	-999
364	16	1.75388888888889	0	0.0247222222222222	5
364	17	2.84888888888889	0.0244444444444444	0	4
364	18	-999	-999	-999	-999
364	19	-999	-999	-999	-999
364	20	0.623333333333333	0.0727777777777778	0	5
364	21	1.02027777777778	0.0472222222222222	0	5
365	1	1.19333333333333	0	0	5
365	2	-999	-999	-999	-999
365	3	-999	-999	-999	-999
365	4	-999	-999	-999	-999
365	5	-999	-999	-999	-999
365	6	-999	-999	-999	-999
365	7	-999	-999	-999	-999
365	8	-999	-999	-999	-999
365	9	-999	-999	-999	-999
365	10	-999	-999	-999	-999
365	11	-999	-999	-999	-999
365	12	-999	-999	-999	-999
365	13	-999	-999	-999	-999
365	14	-999	-999	-999	-999
365	15	-999	-999	-999	-999
365	16	-999	-999	-999	-999
365	17	-999	-999	-999	-999
365	18	-999	-999	-999	-999
365	19	-999	-999	-999	-999
365	20	-999	-999	-999	-999
365	21	-999	-999	-999	-999
367	1	0.133888888888889	0	0	7
367	2	-999	-999	-999	-999
367	3	-999	-999	-999	-999
367	4	0.306388888888889	0	0	7
367	5	-999	-999	-999	-999
367	6	-999	-999	-999	-999
367	7	-999	-999	-999	-999
367	8	-999	-999	-999	-999
367	9	-999	-999	-999	-999
367	10	-999	-999	-999	-999
367	11	0.534722222222222	0	0	7
367	12	0.148888888888889	0	0	1
367	13	0.145555555555556	0	0	7
367	14	-999	-999	-999	-999
367	15	-999	-999	-999	-999
367	16	-999	-999	-999	-999
367	17	-999	-999	-999	-999
367	18	0.0186111111111111	0	0	7
367	19	0.000833333333333333	0	0	7
367	20	-999	-999	-999	-999
367	21	-999	-999	-999	-999
374	1	-999	-999	-999	-999
374	2	0.173333333333333	0	0	5
374	3	-999	-999	-999	-999
374	4	-999	-999	-999	-999
374	5	-999	-999	-999	-999
374	6	-999	-999	-999	-999
374	7	-999	-999	-999	-999
374	8	-999	-999	-999	-999
374	9	-999	-999	-999	-999
374	10	0.585	0	0	5
374	11	-999	-999	-999	-999
374	12	-999	-999	-999	-999
374	13	-999	-999	-999	-999
374	14	-999	-999	-999	-999
374	15	-999	-999	-999	-999
374	16	-999	-999	-999	-999
374	17	-999	-999	-999	-999
374	18	0.613055555555556	0	0	6
374	19	-999	-999	-999	-999
374	20	-999	-999	-999	-999
374	21	-999	-999	-999	-999
375	1	-999	-999	-999	-999
375	2	-999	-999	-999	-999
375	3	0.616111111111111	0	0	7
375	4	0.696111111111111	0	0	1
375	5	0.0327777777777778	0	0	5
375	6	-999	-999	-999	-999
375	7	-999	-999	-999	-999
375	8	-999	-999	-999	-999
375	9	0.1375	0.742777777777778	0	4
375	10	-999	-999	-999	-999
375	11	-999	-999	-999	-999
375	12	-999	-999	-999	-999
375	13	-999	-999	-999	-999
375	14	0.857777777777778	0	0.0977777777777778	5
375	15	-999	-999	-999	-999
375	16	-999	-999	-999	-999
375	17	-999	-999	-999	-999
375	18	0.450277777777778	0	0	1
375	19	-999	-999	-999	-999
375	20	-999	-999	-999	-999
375	21	0.0647222222222222	0	0	6
378	1	-999	-999	-999	-999
378	2	-999	-999	-999	-999
378	3	-999	-999	-999	-999
378	4	-999	-999	-999	-999
378	5	-999	-999	-999	-999
378	6	-999	-999	-999	-999
378	7	-999	-999	-999	-999
378	8	-999	-999	-999	-999
378	9	-999	-999	-999	-999
378	10	0.648611111111111	0.231944444444444	0	3
378	11	-999	-999	-999	-999
378	12	-999	-999	-999	-999
378	13	-999	-999	-999	-999
378	14	-999	-999	-999	-999
378	15	-999	-999	-999	-999
378	16	-999	-999	-999	-999
378	17	-999	-999	-999	-999
378	18	-999	-999	-999	-999
378	19	-999	-999	-999	-999
378	20	-999	-999	-999	-999
378	21	-999	-999	-999	-999
379	1	-999	-999	-999	-999
379	2	-999	-999	-999	-999
379	3	-999	-999	-999	-999
379	4	-999	-999	-999	-999
379	5	0.198611111111111	0.118611111111111	0	4
379	6	-999	-999	-999	-999
379	7	0.250833333333333	0	0	4
379	8	1.33805555555556	0	0	4
379	9	-999	-999	-999	-999
379	10	-999	-999	-999	-999
379	11	-999	-999	-999	-999
379	12	-999	-999	-999	-999
379	13	-999	-999	-999	-999
379	14	0.908888888888889	0	0	4
379	15	0.266388888888889	0	0	4
379	16	-999	-999	-999	-999
379	17	-999	-999	-999	-999
379	18	0	0	0.0202777777777778	4
379	19	-999	-999	-999	-999
379	20	-999	-999	-999	-999
379	21	-999	-999	-999	-999
381	1	-999	-999	-999	-999
381	2	-999	-999	-999	-999
381	3	-999	-999	-999	-999
381	4	-999	-999	-999	-999
381	5	-999	-999	-999	-999
381	6	-999	-999	-999	-999
381	7	-999	-999	-999	-999
381	8	0.255	0.114444444444444	0	5
381	9	-999	-999	-999	-999
381	10	-999	-999	-999	-999
381	11	-999	-999	-999	-999
381	12	-999	-999	-999	-999
381	13	-999	-999	-999	-999
381	14	-999	-999	-999	-999
381	15	-999	-999	-999	-999
381	16	-999	-999	-999	-999
381	17	-999	-999	-999	-999
381	18	-999	-999	-999	-999
381	19	-999	-999	-999	-999
381	20	-999	-999	-999	-999
381	21	-999	-999	-999	-999
382	1	-999	-999	-999	-999
382	2	-999	-999	-999	-999
382	3	-999	-999	-999	-999
382	4	-999	-999	-999	-999
382	5	7.47055555555556	0	0.0325	6
382	6	-999	-999	-999	-999
382	7	-999	-999	-999	-999
382	8	-999	-999	-999	-999
382	9	-999	-999	-999	-999
382	10	-999	-999	-999	-999
382	11	-999	-999	-999	-999
382	12	-999	-999	-999	-999
382	13	-999	-999	-999	-999
382	14	-999	-999	-999	-999
382	15	-999	-999	-999	-999
382	16	-999	-999	-999	-999
382	17	-999	-999	-999	-999
382	18	-999	-999	-999	-999
382	19	-999	-999	-999	-999
382	20	-999	-999	-999	-999
382	21	-999	-999	-999	-999
383	1	-999	-999	-999	-999
383	2	-999	-999	-999	-999
383	3	-999	-999	-999	-999
383	4	-999	-999	-999	-999
383	5	-999	-999	-999	-999
383	6	1.91083333333333	0	0	6
383	7	0.791388888888889	0	0	5
383	8	-999	-999	-999	-999
383	9	1.61694444444444	0	0	7
383	10	1.29611111111111	0	0	6
383	11	-999	-999	-999	-999
383	12	-999	-999	-999	-999
383	13	0.0441666666666667	0	0.178333333333333	6
383	14	-999	-999	-999	-999
383	15	-999	-999	-999	-999
383	16	-999	-999	-999	-999
383	17	-999	-999	-999	-999
383	18	-999	-999	-999	-999
383	19	-999	-999	-999	-999
383	20	-999	-999	-999	-999
383	21	-999	-999	-999	-999
384	1	-999	-999	-999	-999
384	2	-999	-999	-999	-999
384	3	-999	-999	-999	-999
384	4	-999	-999	-999	-999
384	5	0	0.146388888888889	0.148333333333333	4
384	6	-999	-999	-999	-999
384	7	-999	-999	-999	-999
384	8	0.390833333333333	0	0.0938888888888889	4
384	9	0.359444444444444	0	0.193333333333333	4
384	10	-999	-999	-999	-999
384	11	-999	-999	-999	-999
384	12	-999	-999	-999	-999
384	13	-999	-999	-999	-999
384	14	0.286944444444444	0.304166666666667	0	4
384	15	-999	-999	-999	-999
384	16	0.160833333333333	0	0	4
384	17	-999	-999	-999	-999
384	18	-999	-999	-999	-999
384	19	-999	-999	-999	-999
384	20	-999	-999	-999	-999
384	21	-999	-999	-999	-999
